2.571e-07
2.571e-07
2.57e-07
2.571e-07
2.573e-07
2.575e-07
2.57e-07
2.569e-07
2.594e-07
2.571e-07
2.571e-07
2.572e-07
2.722e-07
2.662e-07
2.57e-07
2.571e-07
1.7055e-06
2.569e-07
2.573e-07
2.571e-07
3.136e-07
2.571e-07
2.596e-07
2.594e-07
2.571e-07
2.599e-07
2.571e-07
2.573e-07
2.57e-07
2.571e-07
2.755e-07
2.571e-07
1.7016e-06
1.7282e-06
2.571e-07
2.576e-07
1.6978e-06
2.596e-07
2.571e-07
2.57e-07
2.571e-07
2.571e-07
2.572e-07
2.593e-07
2.594e-07
2.594e-07
2.594e-07
2.571e-07
2.571e-07
2.571e-07
2.571e-07
2.571e-07
2.593e-07
2.57e-07
2.572e-07
2.57e-07
2.57e-07
2.571e-07
2.571e-07
2.57e-07
2.572e-07
2.57e-07
2.595e-07
2.594e-07
2.594e-07
2.593e-07
2.57e-07
2.591e-07
2.571e-07
2.571e-07
2.57e-07
2.575e-07
2.593e-07
2.593e-07
2.592e-07
2.591e-07
2.595e-07
2.593e-07
2.753e-07
3.995e-07
2.573e-07
2.571e-07
2.572e-07
2.572e-07
2.571e-07
2.57e-07
2.596e-07
2.57e-07
2.571e-07
2.571e-07
2.571e-07
2.571e-07
2.571e-07
2.571e-07
2.595e-07
2.593e-07
2.594e-07
2.593e-07
2.592e-07
2.575e-07
2.592e-07
2.592e-07
2.57e-07
2.57e-07
2.571e-07
2.571e-07
2.571e-07
2.571e-07
2.571e-07
2.57e-07
2.571e-07
2.571e-07
2.571e-07
2.571e-07
2.571e-07
2.571e-07
2.573e-07
2.592e-07
2.57e-07
2.593e-07
2.57e-07
2.577e-07
2.574e-07
2.57e-07
2.571e-07
2.572e-07
2.596e-07
2.571e-07
2.593e-07
2.593e-07
2.845e-07
2.573e-07
2.571e-07
2.573e-07
2.57e-07
2.57e-07
2.571e-07
2.57e-07
2.593e-07
2.57e-07
2.595e-07
2.593e-07
2.593e-07
2.596e-07
2.595e-07
2.592e-07
2.594e-07
2.574e-07
2.57e-07
2.571e-07
2.593e-07
2.593e-07
2.57e-07
2.57e-07
2.57e-07
2.571e-07
2.595e-07
3.317e-07
2.574e-07
2.572e-07
2.57e-07
2.571e-07
2.571e-07
2.571e-07
2.571e-07
2.57e-07
2.57e-07
2.592e-07
3.138e-07
2.57e-07
2.571e-07
2.571e-07
2.571e-07
2.571e-07
2.594e-07
2.594e-07
2.571e-07
2.571e-07
2.593e-07
2.594e-07
2.569e-07
2.571e-07
2.571e-07
2.571e-07
2.594e-07
2.57e-07
2.571e-07
2.571e-07
2.571e-07
2.591e-07
3.16e-07
2.752e-07
2.591e-07
2.57e-07
2.571e-07
2.571e-07
2.571e-07
2.57e-07
2.571e-07
2.592e-07
2.593e-07
4.061e-07
2.571e-07
2.571e-07
2.576e-07
2.571e-07
2.593e-07
2.592e-07
2.571e-07
2.571e-07
2.571e-07
2.572e-07
2.573e-07
2.571e-07
2.571e-07
2.591e-07
2.592e-07
2.571e-07
2.571e-07
2.57e-07
2.571e-07
2.571e-07
2.571e-07
2.571e-07
2.594e-07
2.572e-07
2.594e-07
2.593e-07
2.945e-07
2.571e-07
2.569e-07
2.571e-07
2.571e-07
2.571e-07
2.571e-07
2.592e-07
2.594e-07
2.593e-07
2.574e-07
2.593e-07
2.57e-07
2.592e-07
2.593e-07
2.571e-07
2.571e-07
2.57e-07
2.571e-07
2.57e-07
2.593e-07
2.57e-07
2.573e-07
2.571e-07
2.572e-07
2.569e-07
2.571e-07
2.571e-07
2.958e-07
2.571e-07
2.571e-07
2.571e-07
2.571e-07
2.572e-07
2.572e-07
2.592e-07
2.595e-07
2.594e-07
2.594e-07
2.594e-07
2.592e-07
2.571e-07
2.571e-07
2.57e-07
2.57e-07
2.57e-07
2.571e-07
2.571e-07
2.569e-07
2.57e-07
2.571e-07
2.569e-07
2.57e-07
2.57e-07
2.571e-07
2.571e-07
2.571e-07
2.571e-07
2.571e-07
2.571e-07
2.571e-07
2.593e-07
2.571e-07
2.571e-07
2.575e-07
2.57e-07
2.57e-07
2.57e-07
2.571e-07
2.571e-07
2.571e-07
2.571e-07
2.571e-07
2.593e-07
2.591e-07
2.595e-07
2.571e-07
2.571e-07
2.57e-07
2.594e-07
2.571e-07
2.571e-07
2.571e-07
2.571e-07
2.593e-07
2.571e-07
2.594e-07
2.571e-07
2.572e-07
2.593e-07
2.593e-07
2.591e-07
2.571e-07
2.57e-07
2.571e-07
2.571e-07
2.571e-07
2.571e-07
2.571e-07
2.571e-07
2.57e-07
2.571e-07
2.592e-07
2.592e-07
2.593e-07
2.57e-07
2.571e-07
2.7e-07
2.571e-07
2.57e-07
2.57e-07
2.571e-07
2.571e-07
2.569e-07
2.571e-07
2.571e-07
2.57e-07
2.571e-07
2.571e-07
2.571e-07
2.571e-07
2.595e-07
2.572e-07
2.573e-07
2.571e-07
2.595e-07
2.575e-07
2.569e-07
2.591e-07
2.781e-07
2.57e-07
3.905e-07
1.7768e-06
1.3593e-06
3.17e-07
1.654e-06
2.834e-07
2.571e-07
2.572e-07
4.547e-07
1.7134e-06
2.63e-07
3.493e-07
4.214e-07
2.571e-07
1.7499e-06
1.7248e-06
2.572e-07
2.57e-07
2.57e-07
4.651e-07
2.904e-07
2.571e-07
3.762e-07
6.701e-07
3.653e-07
2.643e-07
2.57e-07
2.636e-07
2.571e-07
2.571e-07
3.275e-07
2.571e-07
2.571e-07
2.651e-07
2.57e-07
2.571e-07
2.591e-07
2.593e-07
2.593e-07
2.571e-07
2.57e-07
2.571e-07
2.57e-07
2.571e-07
2.57e-07
2.571e-07
2.571e-07
2.57e-07
2.571e-07
2.569e-07
2.571e-07
2.573e-07
2.572e-07
2.593e-07
2.593e-07
2.592e-07
2.571e-07
2.571e-07
2.57e-07
2.571e-07
2.57e-07
2.571e-07
2.571e-07
2.57e-07
2.571e-07
2.592e-07
2.571e-07
2.571e-07
2.571e-07
2.571e-07
2.57e-07
2.571e-07
2.571e-07
2.571e-07
2.571e-07
2.571e-07
2.594e-07
2.594e-07
2.594e-07
2.593e-07
2.571e-07
2.571e-07
2.57e-07
2.57e-07
2.571e-07
2.572e-07
2.573e-07
2.593e-07
2.572e-07
2.572e-07
2.571e-07
2.571e-07
2.571e-07
3.2e-07
2.571e-07
2.571e-07
2.571e-07
2.57e-07
2.571e-07
2.574e-07
2.593e-07
2.571e-07
2.592e-07
2.747e-07
3.479e-07
2.57e-07
2.571e-07
2.571e-07
2.57e-07
2.571e-07
2.651e-07
2.571e-07
2.572e-07
2.572e-07
2.571e-07
2.57e-07
2.571e-07
2.571e-07
2.571e-07
2.593e-07
2.591e-07
2.571e-07
2.594e-07
2.57e-07
2.594e-07
2.571e-07
2.591e-07
2.57e-07
2.592e-07
2.597e-07
5.228e-07
2.571e-07
2.593e-07
2.571e-07
7.922e-07
2.57e-07
2.572e-07
2.594e-07
2.571e-07
2.571e-07
2.571e-07
2.655e-07
2.594e-07
2.593e-07
2.595e-07
2.592e-07
2.594e-07
2.571e-07
2.571e-07
2.592e-07
2.571e-07
2.571e-07
2.571e-07
1.7349e-06
2.573e-07
2.57e-07
2.593e-07
2.571e-07
2.572e-07
2.571e-07
2.592e-07
2.571e-07
2.571e-07
2.57e-07
2.572e-07
2.594e-07
2.571e-07
2.571e-07
2.571e-07
2.978e-07
2.571e-07
2.571e-07
2.592e-07
2.57e-07
2.595e-07
2.593e-07
2.594e-07
2.57e-07
2.592e-07
2.594e-07
2.572e-07
1.7398e-06
2.571e-07
2.571e-07
2.662e-07
2.571e-07
2.741e-07
2.571e-07
2.571e-07
2.571e-07
2.592e-07
2.57e-07
2.571e-07
2.57e-07
2.57e-07
2.593e-07
2.592e-07
2.571e-07
2.571e-07
2.571e-07
2.571e-07
2.57e-07
2.573e-07
2.571e-07
2.571e-07
2.595e-07
2.593e-07
2.571e-07
2.57e-07
2.571e-07
2.571e-07
2.571e-07
2.571e-07
2.571e-07
2.571e-07
6.167e-07
2.572e-07
2.57e-07
2.57e-07
2.592e-07
2.592e-07
2.572e-07
2.57e-07
2.57e-07
2.571e-07
2.571e-07
2.571e-07
2.594e-07
2.59e-07
2.571e-07
3.688e-07
2.571e-07
2.571e-07
2.57e-07
2.571e-07
2.594e-07
2.593e-07
2.571e-07
2.571e-07
2.571e-07
2.569e-07
2.571e-07
2.57e-07
2.571e-07
2.57e-07
2.57e-07
2.571e-07
2.791e-07
2.571e-07
2.571e-07
2.571e-07
2.571e-07
2.571e-07
2.571e-07
2.571e-07
2.591e-07
2.571e-07
2.571e-07
2.571e-07
2.593e-07
2.571e-07
2.809e-07
2.571e-07
2.571e-07
2.571e-07
2.708e-07
2.57e-07
2.571e-07
2.572e-07
2.571e-07
2.571e-07
2.571e-07
2.571e-07
2.571e-07
2.593e-07
2.571e-07
2.571e-07
2.571e-07
2.57e-07
3.101e-07
2.572e-07
2.575e-07
2.573e-07
2.571e-07
2.57e-07
2.571e-07
2.571e-07
2.647e-07
2.572e-07
2.591e-07
2.592e-07
2.593e-07
2.593e-07
2.592e-07
2.686e-07
2.593e-07
4.182e-07
2.571e-07
4.674e-07
2.593e-07
3.172e-07
2.57e-07
2.571e-07
2.57e-07
2.571e-07
2.57e-07
2.571e-07
2.571e-07
2.571e-07
2.57e-07
2.571e-07
2.57e-07
2.571e-07
2.594e-07
2.571e-07
2.571e-07
2.569e-07
2.571e-07
2.598e-07
2.592e-07
2.571e-07
3.294e-07
2.571e-07
2.571e-07
2.572e-07
2.571e-07
2.571e-07
2.593e-07
2.57e-07
2.575e-07
2.571e-07
2.57e-07
2.57e-07
2.571e-07
2.57e-07
2.571e-07
2.592e-07
2.573e-07
2.569e-07
2.571e-07
2.571e-07
2.571e-07
2.57e-07
2.57e-07
2.57e-07
2.571e-07
2.571e-07
2.57e-07
2.571e-07
2.571e-07
2.571e-07
2.571e-07
2.571e-07
2.57e-07
2.57e-07
2.571e-07
2.57e-07
2.594e-07
3.025e-07
2.57e-07
2.571e-07
2.57e-07
2.571e-07
2.571e-07
2.574e-07
2.57e-07
2.572e-07
2.592e-07
2.923e-07
2.571e-07
2.571e-07
2.593e-07
2.57e-07
2.571e-07
2.571e-07
1.0465e-06
3.561e-07
1.7377e-06
2.571e-07
2.571e-07
2.57e-07
2.573e-07
2.597e-07
2.57e-07
2.569e-07
2.571e-07
2.571e-07
2.571e-07
2.57e-07
2.571e-07
2.946e-07
2.571e-07
2.882e-07
2.572e-07
2.572e-07
2.571e-07
2.571e-07
2.571e-07
2.785e-07
3.054e-07
1.1261e-06
2.732e-07
9.868e-07
2.571e-07
2.571e-07
2.57e-07
2.862e-07
2.57e-07
2.592e-07
2.596e-07
2.571e-07
2.571e-07
2.571e-07
2.571e-07
2.571e-07
2.571e-07
2.571e-07
2.57e-07
2.571e-07
2.571e-07
2.781e-07
2.571e-07
2.577e-07
2.57e-07
2.571e-07
2.619e-07
2.573e-07
2.57e-07
2.571e-07
2.571e-07
2.571e-07
2.592e-07
2.594e-07
2.571e-07
2.571e-07
2.573e-07
2.574e-07
2.574e-07
2.571e-07
2.591e-07
2.571e-07
2.571e-07
2.57e-07
2.571e-07
2.572e-07
2.571e-07
2.57e-07
2.571e-07
2.571e-07
2.571e-07
1.1332e-06
2.571e-07
2.572e-07
2.571e-07
2.571e-07
2.593e-07
2.593e-07
2.571e-07
2.571e-07
2.571e-07
2.571e-07
2.571e-07
2.57e-07
2.571e-07
2.571e-07
2.571e-07
2.571e-07
2.57e-07
2.57e-07
2.57e-07
2.571e-07
2.591e-07
2.64e-07
2.593e-07
2.57e-07
2.571e-07
2.571e-07
2.571e-07
2.57e-07
1.02e-06
2.571e-07
2.593e-07
2.593e-07
2.591e-07
2.571e-07
2.57e-07
2.573e-07
2.57e-07
2.57e-07
2.571e-07
2.571e-07
2.571e-07
2.571e-07
2.571e-07
2.838e-07
2.571e-07
8.153e-07
2.572e-07
2.571e-07
2.57e-07
2.751e-07
2.57e-07
6.37e-07
2.571e-07
2.433e-07
1.7274e-06
2.571e-07
2.57e-07
2.571e-07
2.949e-07
2.574e-07
2.571e-07
8.139e-07
2.571e-07
2.569e-07
2.573e-07
2.661e-07
2.593e-07
2.594e-07
2.571e-07
2.57e-07
2.571e-07
2.571e-07
2.571e-07
2.57e-07
2.573e-07
2.593e-07
2.591e-07
2.592e-07
2.571e-07
2.988e-07
2.57e-07
2.571e-07
2.571e-07
2.571e-07
2.571e-07
2.57e-07
2.57e-07
2.574e-07
2.571e-07
2.597e-07
2.593e-07
2.592e-07
3.186e-07
2.571e-07
2.571e-07
2.571e-07
2.571e-07
2.573e-07
2.572e-07
2.593e-07
2.571e-07
2.571e-07
2.59e-07
2.57e-07
2.592e-07
3.935e-07
2.571e-07
2.571e-07
2.569e-07
2.572e-07
2.57e-07
2.57e-07
2.57e-07
2.571e-07
2.571e-07
2.586e-07
2.571e-07
2.571e-07
2.572e-07
2.571e-07
2.572e-07
2.571e-07
2.571e-07
1.7623e-06
9.792e-07
2.575e-07
2.596e-07
2.594e-07
2.571e-07
2.571e-07
2.572e-07
2.571e-07
2.57e-07
2.571e-07
2.571e-07
2.572e-07
2.571e-07
2.57e-07
2.574e-07
2.573e-07
2.592e-07
2.591e-07
2.592e-07
2.57e-07
2.571e-07
2.571e-07
2.569e-07
2.573e-07
2.573e-07
2.572e-07
2.571e-07
2.571e-07
2.593e-07
2.592e-07
2.571e-07
2.571e-07
2.57e-07
2.57e-07
2.571e-07
2.571e-07
2.57e-07
2.593e-07
2.572e-07
2.571e-07
2.571e-07
2.574e-07
2.571e-07
2.593e-07
3.234e-07
2.571e-07
2.57e-07
2.57e-07
2.571e-07
2.589e-07
2.571e-07
2.571e-07
2.571e-07
2.593e-07
2.571e-07
2.573e-07
2.571e-07
2.575e-07
2.574e-07
2.571e-07
2.571e-07
2.594e-07
2.571e-07
2.593e-07
2.571e-07
2.571e-07
2.57e-07
2.572e-07
2.575e-07
2.57e-07
2.571e-07
2.573e-07
2.592e-07
2.593e-07
2.593e-07
5.459e-07
2.571e-07
3.203e-07
2.594e-07
2.6e-07
2.875e-07
2.595e-07
2.816e-07
2.593e-07
2.571e-07
2.571e-07
2.571e-07
2.571e-07
2.571e-07
2.572e-07
2.571e-07
2.574e-07
2.573e-07
2.595e-07
2.571e-07
2.571e-07
3.609e-07
2.594e-07
2.571e-07
2.571e-07
2.571e-07
2.573e-07
2.571e-07
2.594e-07
2.589e-07
2.571e-07
2.594e-07
2.571e-07
2.571e-07
2.571e-07
2.571e-07
2.571e-07
2.571e-07
2.592e-07
2.571e-07
2.594e-07
2.57e-07
2.571e-07
2.596e-07
2.57e-07
2.57e-07
2.571e-07
2.571e-07
2.593e-07
2.594e-07
2.592e-07
2.571e-07
2.571e-07
2.571e-07
2.594e-07
2.571e-07
2.57e-07
2.572e-07
2.593e-07
2.594e-07
2.57e-07
2.57e-07
2.571e-07
2.592e-07
2.571e-07
2.572e-07
2.571e-07
2.571e-07
2.571e-07
2.594e-07
2.571e-07
2.571e-07
2.571e-07
2.571e-07
2.571e-07
2.571e-07
2.57e-07
2.571e-07
2.571e-07
2.57e-07
2.571e-07
2.593e-07
2.593e-07
2.571e-07
2.592e-07
2.571e-07
2.596e-07
2.572e-07
2.593e-07
2.571e-07
2.947e-07
2.571e-07
2.571e-07
2.571e-07
2.572e-07
2.571e-07
2.571e-07
2.57e-07
2.571e-07
2.571e-07
2.572e-07
2.592e-07
2.571e-07
2.571e-07
2.797e-07
2.595e-07
2.593e-07
2.571e-07
2.571e-07
2.571e-07
2.571e-07
5.728e-07
2.572e-07
2.639e-07
2.571e-07
2.57e-07
2.577e-07
2.593e-07
2.571e-07
2.571e-07
2.57e-07
2.57e-07
2.571e-07
2.571e-07
2.597e-07
2.571e-07
2.57e-07
2.593e-07
2.57e-07
2.574e-07
2.571e-07
2.571e-07
2.569e-07
2.571e-07
3.053e-07
2.57e-07
2.973e-07
2.572e-07
2.572e-07
2.571e-07
2.571e-07
2.57e-07
2.569e-07
2.571e-07
2.571e-07
2.571e-07
2.571e-07
2.571e-07
2.569e-07
2.593e-07
2.572e-07
2.571e-07
2.57e-07
2.57e-07
2.593e-07
2.569e-07
1.033e-06
2.57e-07
6.076e-07
2.592e-07
2.572e-07
2.593e-07
2.593e-07
2.571e-07
2.571e-07
2.57e-07
2.571e-07
2.924e-07
2.571e-07
2.57e-07
3.85e-07
2.571e-07
3.077e-07
2.57e-07
2.571e-07
2.571e-07
2.575e-07
2.571e-07
2.571e-07
2.594e-07
2.571e-07
2.593e-07
2.571e-07
2.593e-07
2.571e-07
2.773e-07
2.591e-07
2.927e-07
2.571e-07
2.571e-07
2.593e-07
2.57e-07
2.571e-07
2.571e-07
1.7632e-06
2.572e-07
2.571e-07
2.571e-07
2.571e-07
2.573e-07
2.57e-07
2.571e-07
2.911e-07
2.571e-07
2.571e-07
2.592e-07
2.592e-07
2.571e-07
2.572e-07
2.571e-07
2.571e-07
2.571e-07
2.571e-07
2.637e-07
2.571e-07
2.596e-07
2.571e-07
2.654e-07
2.571e-07
2.599e-07
2.592e-07
2.571e-07
2.571e-07
2.57e-07
2.571e-07
2.571e-07
2.571e-07
2.573e-07
2.573e-07
2.572e-07
2.574e-07
2.571e-07
2.571e-07
2.571e-07
2.571e-07
2.571e-07
4.934e-07
2.593e-07
2.571e-07
2.571e-07
2.571e-07
2.571e-07
2.57e-07
2.571e-07
2.571e-07
2.799e-07
2.571e-07
2.571e-07
2.597e-07
2.593e-07
2.571e-07
2.571e-07
2.571e-07
2.592e-07
2.57e-07
5.509e-07
3.038e-07
2.571e-07
2.571e-07
2.594e-07
2.571e-07
2.571e-07
2.571e-07
2.593e-07
2.571e-07
2.571e-07
2.594e-07
2.592e-07
2.57e-07
2.571e-07
3.027e-07
2.571e-07
2.57e-07
2.57e-07
2.571e-07
2.57e-07
2.571e-07
2.57e-07
2.571e-07
2.572e-07
2.592e-07
2.592e-07
2.571e-07
2.571e-07
2.571e-07
2.57e-07
2.571e-07
7.228e-07
2.574e-07
2.57e-07
2.572e-07
2.571e-07
2.594e-07
2.571e-07
2.571e-07
2.596e-07
2.57e-07
2.917e-07
2.594e-07
2.595e-07
2.593e-07
2.571e-07
2.572e-07
2.571e-07
2.593e-07
2.571e-07
2.571e-07
2.591e-07
2.594e-07
2.57e-07
2.571e-07
2.571e-07
2.571e-07
2.591e-07
2.593e-07
2.57e-07
2.57e-07
2.706e-07
2.592e-07
2.571e-07
2.574e-07
2.571e-07
2.57e-07
2.594e-07
2.571e-07
2.571e-07
2.571e-07
2.571e-07
2.638e-07
2.57e-07
2.571e-07
2.593e-07
2.593e-07
2.571e-07
2.571e-07
2.594e-07
2.572e-07
2.594e-07
2.569e-07
2.571e-07
2.571e-07
2.572e-07
2.595e-07
2.591e-07
2.577e-07
2.571e-07
2.593e-07
2.57e-07
2.571e-07
2.571e-07
2.571e-07
2.571e-07
2.594e-07
2.749e-07
2.571e-07
2.592e-07
2.571e-07
2.572e-07
2.57e-07
2.57e-07
2.57e-07
2.571e-07
2.571e-07
2.571e-07
2.571e-07
2.57e-07
2.574e-07
2.571e-07
2.593e-07
2.571e-07
2.571e-07
2.571e-07
2.571e-07
2.571e-07
2.593e-07
2.571e-07
2.571e-07
2.571e-07
2.571e-07
2.571e-07
2.571e-07
2.592e-07
2.594e-07
2.571e-07
2.571e-07
2.571e-07
2.571e-07
2.571e-07
2.571e-07
2.592e-07
2.594e-07
2.595e-07
2.571e-07
2.591e-07
2.57e-07
2.571e-07
2.571e-07
2.593e-07
2.57e-07
2.595e-07
2.57e-07
2.594e-07
8.947e-07
1.0836e-06
2.571e-07
2.933e-07
1.7424e-06
1.3837e-06
1.5759e-06
2.571e-07
2.571e-07
2.571e-07
2.571e-07
2.57e-07
2.671e-07
2.648e-07
2.571e-07
2.573e-07
2.571e-07
2.67e-07
2.571e-07
2.571e-07
2.571e-07
2.571e-07
2.571e-07
2.571e-07
2.571e-07
2.571e-07
2.571e-07
2.571e-07
2.571e-07
2.571e-07
2.571e-07
2.571e-07
2.57e-07
2.573e-07
2.571e-07
2.571e-07
2.571e-07
2.571e-07
2.571e-07
2.57e-07
2.571e-07
2.57e-07
2.57e-07
2.571e-07
2.575e-07
1.7301e-06
2.596e-07
2.571e-07
2.57e-07
2.594e-07
2.57e-07
2.57e-07
2.571e-07
2.571e-07
2.571e-07
2.571e-07
2.573e-07
2.593e-07
2.593e-07
2.594e-07
2.596e-07
2.571e-07
2.571e-07
2.57e-07
1.3043e-06
2.571e-07
2.572e-07
2.571e-07
2.569e-07
2.571e-07
7.755e-07
2.593e-07
5.15e-07
2.593e-07
2.601e-07
2.592e-07
2.571e-07
2.572e-07
2.594e-07
2.569e-07
2.575e-07
2.571e-07
2.571e-07
2.571e-07
2.573e-07
2.57e-07
2.57e-07
2.571e-07
2.571e-07
2.571e-07
2.571e-07
2.571e-07
2.595e-07
2.593e-07
3.096e-07
2.592e-07
2.593e-07
2.571e-07
2.572e-07
2.571e-07
2.571e-07
2.571e-07
2.571e-07
2.57e-07
2.571e-07
2.57e-07
2.571e-07
2.571e-07
2.571e-07
2.571e-07
2.57e-07
2.571e-07
2.571e-07
2.573e-07
2.571e-07
2.571e-07
2.594e-07
2.592e-07
2.732e-07
2.571e-07
2.57e-07
2.57e-07
5.766e-07
2.659e-07
2.57e-07
1.7077e-06
3e-07
2.571e-07
2.571e-07
2.651e-07
2.571e-07
3.449e-07
2.571e-07
2.574e-07
2.571e-07
2.571e-07
2.589e-07
2.594e-07
2.594e-07
2.592e-07
2.571e-07
2.571e-07
4.264e-07
2.571e-07
2.571e-07
2.572e-07
2.571e-07
2.572e-07
2.571e-07
2.57e-07
2.593e-07
3.111e-07
2.593e-07
2.592e-07
2.571e-07
2.57e-07
2.57e-07
2.571e-07
2.571e-07
2.571e-07
2.571e-07
2.571e-07
2.571e-07
2.571e-07
2.571e-07
2.594e-07
2.593e-07
2.594e-07
2.571e-07
2.646e-07
2.593e-07
2.593e-07
2.592e-07
2.593e-07
2.571e-07
2.574e-07
2.571e-07
2.575e-07
2.571e-07
2.57e-07
2.592e-07
2.571e-07
2.593e-07
2.571e-07
2.571e-07
2.574e-07
2.593e-07
2.591e-07
2.57e-07
2.571e-07
2.571e-07
2.571e-07
2.571e-07
2.57e-07
2.591e-07
2.593e-07
2.576e-07
2.575e-07
2.57e-07
2.571e-07
4.848e-07
2.586e-07
2.571e-07
2.572e-07
2.571e-07
2.571e-07
2.571e-07
2.571e-07
2.572e-07
2.652e-07
2.886e-07
2.571e-07
2.571e-07
2.571e-07
2.573e-07
2.571e-07
2.571e-07
2.57e-07
2.592e-07
2.572e-07
2.571e-07
2.572e-07
2.571e-07
2.594e-07
2.599e-07
2.57e-07
2.571e-07
2.571e-07
2.571e-07
2.571e-07
2.571e-07
2.571e-07
2.592e-07
2.592e-07
2.593e-07
2.594e-07
2.596e-07
2.592e-07
2.592e-07
2.57e-07
2.571e-07
2.571e-07
2.571e-07
2.594e-07
2.593e-07
2.592e-07
2.571e-07
2.571e-07
2.571e-07
2.57e-07
2.571e-07
2.571e-07
2.592e-07
2.594e-07
2.571e-07
2.571e-07
2.571e-07
2.571e-07
2.571e-07
2.571e-07
2.571e-07
2.595e-07
2.591e-07
2.571e-07
2.571e-07
2.57e-07
2.571e-07
2.57e-07
2.571e-07
2.571e-07
2.57e-07
2.571e-07
2.571e-07
2.571e-07
2.571e-07
2.57e-07
2.592e-07
2.592e-07
2.57e-07
2.57e-07
2.571e-07
2.571e-07
2.593e-07
2.594e-07
2.591e-07
2.594e-07
2.571e-07
2.571e-07
2.57e-07
2.57e-07
2.571e-07
2.571e-07
2.593e-07
2.57e-07
2.594e-07
2.57e-07
2.592e-07
2.571e-07
2.592e-07
2.571e-07
2.571e-07
2.572e-07
2.571e-07
2.57e-07
2.571e-07
2.571e-07
2.572e-07
2.593e-07
2.571e-07
2.592e-07
2.592e-07
4.061e-07
2.571e-07
2.571e-07
2.57e-07
2.571e-07
2.57e-07
2.57e-07
2.571e-07
2.571e-07
1.7362e-06
2.571e-07
1.0327e-06
2.57e-07
2.571e-07
2.592e-07
2.571e-07
2.755e-07
2.599e-07
2.591e-07
2.592e-07
2.593e-07
2.592e-07
2.572e-07
2.57e-07
2.57e-07
2.571e-07
2.571e-07
2.592e-07
2.571e-07
2.571e-07
2.592e-07
2.57e-07
2.571e-07
2.571e-07
2.592e-07
2.591e-07
2.594e-07
3.248e-07
2.571e-07
2.57e-07
2.571e-07
2.571e-07
2.571e-07
2.57e-07
2.571e-07
2.596e-07
2.57e-07
2.592e-07
2.697e-07
2.572e-07
2.717e-07
2.571e-07
2.572e-07
2.57e-07
2.571e-07
2.571e-07
2.57e-07
2.57e-07
2.57e-07
2.593e-07
2.594e-07
3.725e-07
2.571e-07
2.571e-07
2.571e-07
2.571e-07
2.569e-07
2.57e-07
2.569e-07
2.571e-07
2.571e-07
2.57e-07
2.594e-07
2.592e-07
2.57e-07
2.571e-07
1.0895e-06
2.572e-07
2.571e-07
2.57e-07
2.571e-07
2.571e-07
2.573e-07
2.571e-07
2.592e-07
2.594e-07
2.593e-07
2.592e-07
2.57e-07
2.57e-07
2.571e-07
2.571e-07
2.571e-07
2.571e-07
2.57e-07
2.591e-07
2.731e-07
2.571e-07
2.57e-07
2.57e-07
2.571e-07
2.57e-07
2.57e-07
2.571e-07
2.571e-07
2.571e-07
2.571e-07
2.571e-07
2.571e-07
2.57e-07
2.571e-07
2.571e-07
2.571e-07
2.57e-07
2.571e-07
2.571e-07
2.571e-07
2.573e-07
2.571e-07
2.571e-07
2.594e-07
2.597e-07
2.662e-07
2.592e-07
2.571e-07
2.571e-07
2.57e-07
2.591e-07
2.612e-07
2.575e-07
2.571e-07
2.571e-07
2.571e-07
2.571e-07
2.57e-07
2.572e-07
2.571e-07
2.571e-07
2.593e-07
2.593e-07
2.718e-07
2.571e-07
2.594e-07
2.592e-07
2.591e-07
2.571e-07
2.571e-07
2.571e-07
2.571e-07
2.571e-07
2.571e-07
2.57e-07
2.571e-07
2.572e-07
2.571e-07
2.574e-07
2.57e-07
2.572e-07
2.594e-07
2.592e-07
2.57e-07
2.571e-07
2.571e-07
2.572e-07
2.571e-07
2.573e-07
2.593e-07
2.571e-07
2.594e-07
2.57e-07
2.57e-07
2.571e-07
2.571e-07
2.571e-07
2.571e-07
2.594e-07
2.571e-07
2.571e-07
2.571e-07
2.57e-07
2.594e-07
2.591e-07
2.571e-07
2.571e-07
2.57e-07
2.571e-07
2.571e-07
2.571e-07
2.57e-07
2.571e-07
2.571e-07
2.571e-07
2.574e-07
2.593e-07
2.592e-07
2.594e-07
2.571e-07
2.602e-07
2.571e-07
2.57e-07
2.57e-07
2.57e-07
2.571e-07
2.57e-07
2.571e-07
2.57e-07
2.571e-07
2.572e-07
2.57e-07
2.571e-07
2.573e-07
2.592e-07
2.569e-07
2.571e-07
2.571e-07
2.571e-07
2.57e-07
2.594e-07
2.592e-07
2.593e-07
1.4422e-06
2.571e-07
2.571e-07
2.574e-07
2.571e-07
2.594e-07
3.536e-07
2.571e-07
2.571e-07
2.572e-07
2.571e-07
2.572e-07
2.571e-07
2.57e-07
2.571e-07
2.594e-07
2.593e-07
3.385e-07
2.571e-07
2.57e-07
2.571e-07
2.571e-07
2.594e-07
2.594e-07
2.571e-07
2.57e-07
2.571e-07
2.731e-07
2.571e-07
2.571e-07
2.571e-07
2.571e-07
2.571e-07
2.571e-07
2.592e-07
2.571e-07
2.593e-07
2.571e-07
2.591e-07
2.571e-07
2.572e-07
2.571e-07
2.571e-07
2.571e-07
2.571e-07
2.57e-07
2.592e-07
2.571e-07
2.594e-07
2.592e-07
2.572e-07
2.571e-07
2.737e-07
2.571e-07
2.569e-07
2.571e-07
2.57e-07
2.571e-07
2.571e-07
2.571e-07
2.571e-07
2.571e-07
2.569e-07
2.573e-07
2.571e-07
2.57e-07
2.57e-07
2.571e-07
2.571e-07
2.571e-07
2.592e-07
2.571e-07
2.573e-07
2.571e-07
2.571e-07
2.571e-07
2.571e-07
2.593e-07
2.571e-07
2.68e-07
2.571e-07
2.571e-07
2.591e-07
2.884e-07
2.593e-07
2.571e-07
2.57e-07
2.571e-07
2.593e-07
2.572e-07
2.574e-07
2.57e-07
1.7634e-06
2.571e-07
2.571e-07
2.571e-07
2.57e-07
2.57e-07
2.571e-07
2.571e-07
2.574e-07
2.594e-07
2.592e-07
2.571e-07
2.571e-07
2.571e-07
2.571e-07
2.57e-07
2.571e-07
2.571e-07
2.592e-07
2.57e-07
2.571e-07
2.573e-07
2.594e-07
2.571e-07
2.571e-07
2.571e-07
2.571e-07
2.571e-07
2.571e-07
2.571e-07
2.571e-07
2.571e-07
2.571e-07
2.57e-07
2.57e-07
2.57e-07
2.571e-07
2.571e-07
2.571e-07
2.591e-07
2.571e-07
2.57e-07
2.57e-07
2.593e-07
2.571e-07
2.571e-07
2.571e-07
2.572e-07
2.571e-07
2.57e-07
2.571e-07
2.571e-07
2.571e-07
2.593e-07
2.594e-07
2.591e-07
2.596e-07
2.59e-07
2.594e-07
2.571e-07
2.571e-07
2.571e-07
2.592e-07
2.57e-07
2.571e-07
2.571e-07
2.571e-07
2.571e-07
2.57e-07
2.571e-07
2.571e-07
2.571e-07
2.571e-07
2.571e-07
2.571e-07
2.57e-07
2.571e-07
2.571e-07
2.571e-07
2.571e-07
2.571e-07
2.573e-07
2.571e-07
2.57e-07
2.571e-07
2.571e-07
2.57e-07
2.593e-07
2.571e-07
2.571e-07
2.569e-07
2.571e-07
2.571e-07
2.572e-07
2.571e-07
2.595e-07
2.571e-07
2.592e-07
2.57e-07
2.592e-07
2.571e-07
2.571e-07
2.57e-07
2.571e-07
2.57e-07
2.571e-07
2.571e-07
2.573e-07
2.571e-07
2.571e-07
2.57e-07
2.595e-07
2.571e-07
2.574e-07
2.571e-07
1.7304e-06
2.592e-07
2.572e-07
2.572e-07
2.571e-07
2.594e-07
2.571e-07
2.57e-07
2.571e-07
2.575e-07
2.571e-07
2.571e-07
2.571e-07
2.571e-07
2.571e-07
2.592e-07
2.593e-07
2.571e-07
2.57e-07
2.593e-07
2.57e-07
2.571e-07
2.573e-07
2.571e-07
2.591e-07
2.571e-07
2.592e-07
2.571e-07
2.626e-07
2.57e-07
2.571e-07
2.571e-07
2.571e-07
2.593e-07
2.595e-07
2.571e-07
2.571e-07
2.571e-07
2.571e-07
2.571e-07
2.571e-07
2.592e-07
2.57e-07
2.571e-07
2.573e-07
2.571e-07
2.57e-07
2.571e-07
2.592e-07
2.57e-07
2.571e-07
2.592e-07
2.595e-07
2.572e-07
2.572e-07
2.57e-07
2.574e-07
2.571e-07
2.571e-07
2.571e-07
2.571e-07
2.571e-07
2.571e-07
2.593e-07
2.57e-07
2.572e-07
2.57e-07
2.571e-07
2.571e-07
2.569e-07
2.57e-07
2.569e-07
2.571e-07
2.571e-07
2.571e-07
2.593e-07
2.571e-07
2.571e-07
2.571e-07
2.571e-07
2.594e-07
2.595e-07
2.572e-07
2.571e-07
2.57e-07
2.57e-07
2.593e-07
2.592e-07
2.571e-07
2.571e-07
2.571e-07
2.571e-07
2.571e-07
2.57e-07
2.571e-07
1.766e-06
2.571e-07
2.594e-07
2.57e-07
2.571e-07
2.571e-07
2.57e-07
2.57e-07
2.571e-07
2.593e-07
2.593e-07
2.595e-07
2.594e-07
2.571e-07
2.572e-07
2.571e-07
2.569e-07
2.571e-07
2.57e-07
2.57e-07
2.57e-07
2.574e-07
2.592e-07
2.57e-07
2.593e-07
2.592e-07
2.593e-07
2.592e-07
2.595e-07
2.593e-07
2.571e-07
2.571e-07
2.574e-07
2.577e-07
2.573e-07
2.571e-07
2.593e-07
2.571e-07
2.571e-07
2.57e-07
2.573e-07
2.571e-07
2.571e-07
2.57e-07
2.855e-07
2.571e-07
2.571e-07
2.571e-07
2.571e-07
2.592e-07
2.593e-07
2.593e-07
2.573e-07
7.391e-07
2.571e-07
2.571e-07
2.571e-07
2.571e-07
2.571e-07
2.571e-07
2.593e-07
2.594e-07
2.595e-07
2.57e-07
2.572e-07
2.592e-07
2.57e-07
2.571e-07
2.569e-07
2.576e-07
2.573e-07
2.572e-07
2.571e-07
2.571e-07
2.571e-07
2.571e-07
2.571e-07
2.593e-07
2.592e-07
2.571e-07
2.592e-07
2.571e-07
2.571e-07
2.571e-07
2.57e-07
2.571e-07
2.571e-07
2.571e-07
2.571e-07
2.57e-07
2.593e-07
2.571e-07
2.593e-07
2.593e-07
2.571e-07
2.571e-07
2.571e-07
2.572e-07
2.597e-07
2.571e-07
2.571e-07
2.571e-07
2.573e-07
2.598e-07
2.594e-07
2.571e-07
2.57e-07
2.57e-07
2.574e-07
2.571e-07
2.571e-07
2.573e-07
2.594e-07
2.593e-07
2.594e-07
2.592e-07
3.033e-07
2.57e-07
2.569e-07
2.592e-07
2.57e-07
2.593e-07
2.593e-07
2.57e-07
2.571e-07
2.57e-07
2.57e-07
2.57e-07
2.573e-07
2.571e-07
2.571e-07
2.591e-07
2.571e-07
2.571e-07
2.571e-07
2.571e-07
2.595e-07
2.593e-07
2.57e-07
2.595e-07
2.594e-07
2.57e-07
2.571e-07
2.591e-07
2.569e-07
2.591e-07
2.594e-07
2.595e-07
2.571e-07
2.57e-07
2.571e-07
2.571e-07
2.571e-07
2.571e-07
2.571e-07
2.57e-07
2.571e-07
2.57e-07
2.572e-07
2.57e-07
2.571e-07
2.571e-07
2.571e-07
2.571e-07
2.571e-07
2.75e-07
2.592e-07
2.592e-07
2.593e-07
2.594e-07
2.592e-07
2.592e-07
2.571e-07
2.571e-07
2.57e-07
2.57e-07
2.571e-07
2.569e-07
2.57e-07
2.592e-07
2.595e-07
2.571e-07
2.571e-07
2.571e-07
2.569e-07
2.654e-07
2.571e-07
2.595e-07
2.593e-07
3.814e-07
2.57e-07
2.571e-07
2.571e-07
2.571e-07
2.57e-07
2.572e-07
2.571e-07
2.571e-07
2.571e-07
2.571e-07
2.571e-07
2.57e-07
2.593e-07
2.571e-07
3.542e-07
2.57e-07
2.571e-07
2.57e-07
2.571e-07
2.571e-07
2.571e-07
2.592e-07
2.594e-07
1.764e-06
2.57e-07
2.593e-07
2.592e-07
2.592e-07
2.572e-07
2.571e-07
2.573e-07
2.593e-07
2.591e-07
2.57e-07
2.571e-07
2.571e-07
2.571e-07
2.571e-07
2.571e-07
2.571e-07
2.57e-07
2.593e-07
2.593e-07
2.592e-07
2.571e-07
2.591e-07
2.755e-07
2.57e-07
2.571e-07
2.571e-07
2.571e-07
2.571e-07
2.571e-07
2.571e-07
2.571e-07
2.572e-07
2.571e-07
2.57e-07
2.571e-07
2.572e-07
2.593e-07
2.594e-07
2.594e-07
2.593e-07
2.594e-07
2.571e-07
2.969e-07
2.57e-07
2.571e-07
2.571e-07
2.571e-07
2.594e-07
2.598e-07
2.593e-07
2.593e-07
2.569e-07
2.57e-07
2.571e-07
2.571e-07
2.571e-07
2.571e-07
2.593e-07
2.571e-07
2.571e-07
2.571e-07
2.571e-07
2.597e-07
2.571e-07
2.596e-07
2.594e-07
2.597e-07
2.569e-07
2.571e-07
2.571e-07
2.571e-07
2.571e-07
2.571e-07
2.571e-07
2.571e-07
2.571e-07
2.571e-07
2.57e-07
2.595e-07
2.572e-07
2.593e-07
2.593e-07
2.57e-07
2.571e-07
2.574e-07
2.571e-07
2.571e-07
2.571e-07
2.594e-07
2.571e-07
2.572e-07
2.571e-07
2.571e-07
2.57e-07
2.571e-07
2.571e-07
2.57e-07
2.571e-07
2.571e-07
2.571e-07
2.594e-07
2.592e-07
2.571e-07
2.571e-07
2.573e-07
2.571e-07
2.571e-07
2.597e-07
2.593e-07
2.592e-07
2.57e-07
2.592e-07
2.571e-07
2.592e-07
2.594e-07
2.592e-07
2.594e-07
1.0422e-06
2.571e-07
2.571e-07
2.57e-07
2.57e-07
2.592e-07
3.003e-07
2.571e-07
2.594e-07
2.571e-07
2.571e-07
2.579e-07
2.59e-07
2.571e-07
2.57e-07
2.571e-07
2.574e-07
2.571e-07
2.573e-07
2.571e-07
2.594e-07
2.592e-07
2.571e-07
2.57e-07
2.571e-07
2.57e-07
2.57e-07
2.572e-07
2.57e-07
2.571e-07
2.591e-07
2.57e-07
2.569e-07
2.571e-07
2.593e-07
3.219e-07
2.596e-07
2.571e-07
2.574e-07
2.571e-07
2.57e-07
2.57e-07
2.597e-07
2.592e-07
8.5e-07
2.593e-07
2.57e-07
2.571e-07
2.572e-07
2.571e-07
2.571e-07
2.572e-07
2.57e-07
2.57e-07
2.571e-07
2.57e-07
2.592e-07
2.597e-07
2.571e-07
2.571e-07
2.571e-07
2.571e-07
2.571e-07
2.571e-07
2.571e-07
2.571e-07
2.57e-07
2.593e-07
2.571e-07
2.594e-07
2.571e-07
2.571e-07
2.571e-07
2.592e-07
2.571e-07
2.571e-07
2.571e-07
2.571e-07
2.571e-07
2.571e-07
2.572e-07
2.571e-07
2.593e-07
2.571e-07
2.57e-07
2.571e-07
2.571e-07
2.573e-07
2.663e-07
2.571e-07
2.57e-07
2.571e-07
2.57e-07
2.571e-07
2.571e-07
2.593e-07
2.571e-07
2.597e-07
2.571e-07
2.571e-07
2.571e-07
2.67e-07
2.571e-07
2.571e-07
2.571e-07
2.571e-07
2.571e-07
2.571e-07
2.571e-07
2.572e-07
2.593e-07
2.594e-07
2.592e-07
2.6e-07
2.571e-07
2.571e-07
2.571e-07
2.571e-07
2.572e-07
2.592e-07
2.593e-07
2.571e-07
2.597e-07
2.571e-07
2.571e-07
2.571e-07
2.57e-07
2.571e-07
2.595e-07
2.592e-07
2.571e-07
2.571e-07
2.574e-07
2.637e-07
2.57e-07
2.577e-07
2.571e-07
2.57e-07
2.57e-07
2.571e-07
2.571e-07
2.572e-07
2.571e-07
2.571e-07
2.571e-07
6.995e-07
2.57e-07
8.106e-07
2.57e-07
2.594e-07
2.593e-07
2.593e-07
2.574e-07
2.595e-07
2.571e-07
2.571e-07
2.591e-07
2.571e-07
2.573e-07
2.571e-07
2.57e-07
2.571e-07
2.591e-07
2.571e-07
2.594e-07
2.571e-07
2.57e-07
2.571e-07
2.571e-07
2.571e-07
2.574e-07
2.57e-07
2.572e-07
2.571e-07
2.593e-07
3.191e-07
2.574e-07
2.571e-07
2.57e-07
2.57e-07
2.569e-07
2.571e-07
2.659e-07
2.598e-07
3.505e-07
2.571e-07
2.569e-07
2.594e-07
2.571e-07
2.571e-07
2.571e-07
2.571e-07
2.573e-07
2.571e-07
2.575e-07
2.593e-07
2.593e-07
2.594e-07
2.57e-07
2.571e-07
2.571e-07
2.572e-07
2.571e-07
2.571e-07
2.593e-07
2.572e-07
2.57e-07
2.594e-07
2.595e-07
2.594e-07
2.593e-07
2.571e-07
2.571e-07
2.57e-07
2.571e-07
2.57e-07
2.571e-07
2.571e-07
2.593e-07
2.571e-07
2.571e-07
2.571e-07
2.571e-07
2.571e-07
5.776e-07
2.571e-07
2.571e-07
2.593e-07
2.571e-07
2.571e-07
2.571e-07
2.571e-07
2.574e-07
1.6858e-06
2.593e-07
2.592e-07
2.57e-07
1.206e-06
2.57e-07
2.571e-07
2.571e-07
2.571e-07
2.57e-07
2.571e-07
2.571e-07
2.57e-07
2.57e-07
2.591e-07
2.595e-07
2.571e-07
2.592e-07
2.572e-07
2.569e-07
2.571e-07
2.571e-07
2.57e-07
2.571e-07
2.57e-07
2.571e-07
2.57e-07
2.571e-07
2.799e-07
2.571e-07
2.571e-07
2.571e-07
2.57e-07
2.57e-07
2.571e-07
2.572e-07
2.592e-07
2.593e-07
2.571e-07
2.571e-07
2.571e-07
2.571e-07
2.571e-07
2.571e-07
2.603e-07
2.571e-07
2.574e-07
2.571e-07
2.571e-07
2.571e-07
2.571e-07
2.57e-07
2.596e-07
2.592e-07
2.57e-07
2.571e-07
2.571e-07
2.571e-07
2.593e-07
2.593e-07
2.571e-07
2.57e-07
2.571e-07
2.57e-07
2.572e-07
2.571e-07
2.571e-07
2.571e-07
2.57e-07
2.571e-07
2.593e-07
1.761e-06
2.571e-07
2.57e-07
2.592e-07
2.592e-07
2.592e-07
2.593e-07
2.594e-07
2.57e-07
2.592e-07
2.571e-07
2.571e-07
2.57e-07
2.571e-07
2.571e-07
2.571e-07
2.57e-07
2.571e-07
2.594e-07
2.57e-07
2.595e-07
2.57e-07
2.571e-07
2.571e-07
2.57e-07
2.57e-07
2.571e-07
2.592e-07
2.571e-07
2.593e-07
2.593e-07
2.593e-07
2.593e-07
2.571e-07
2.593e-07
2.571e-07
2.571e-07
2.571e-07
2.572e-07
2.57e-07
2.57e-07
2.571e-07
2.571e-07
2.571e-07
2.57e-07
2.571e-07
2.57e-07
2.571e-07
2.571e-07
2.571e-07
2.571e-07
2.593e-07
2.65e-07
2.571e-07
2.574e-07
2.571e-07
2.57e-07
2.576e-07
2.571e-07
2.571e-07
2.571e-07
2.57e-07
2.572e-07
2.571e-07
2.571e-07
2.572e-07
2.571e-07
2.571e-07
2.572e-07
2.571e-07
2.571e-07
2.572e-07
2.571e-07
2.594e-07
2.57e-07
2.571e-07
2.57e-07
2.57e-07
2.571e-07
2.57e-07
2.57e-07
2.572e-07
2.571e-07
2.572e-07
2.571e-07
2.57e-07
2.571e-07
2.571e-07
2.592e-07
2.571e-07
2.748e-07
2.594e-07
2.592e-07
2.593e-07
3.977e-07
2.569e-07
2.571e-07
2.571e-07
2.57e-07
2.57e-07
2.572e-07
2.57e-07
2.571e-07
2.57e-07
2.571e-07
2.57e-07
2.593e-07
2.572e-07
2.571e-07
2.595e-07
2.571e-07
2.575e-07
2.57e-07
2.57e-07
2.571e-07
2.592e-07
3.034e-07
2.593e-07
2.592e-07
2.593e-07
2.571e-07
2.572e-07
2.57e-07
2.571e-07
2.573e-07
2.592e-07
2.57e-07
9.802e-07
2.571e-07
2.571e-07
2.571e-07
2.571e-07
2.571e-07
2.592e-07
2.595e-07
2.592e-07
2.57e-07
2.57e-07
2.57e-07
2.727e-07
3.865e-07
2.57e-07
2.571e-07
2.571e-07
2.571e-07
2.571e-07
2.571e-07
2.57e-07
2.571e-07
2.571e-07
2.573e-07
2.571e-07
2.593e-07
2.571e-07
2.57e-07
2.571e-07
2.571e-07
2.57e-07
2.593e-07
2.592e-07
5.64e-07
2.57e-07
2.575e-07
2.573e-07
2.571e-07
2.594e-07
2.593e-07
2.569e-07
2.592e-07
2.571e-07
2.571e-07
2.571e-07
2.57e-07
2.571e-07
2.571e-07
2.571e-07
2.569e-07
2.57e-07
2.591e-07
2.571e-07
2.571e-07
2.572e-07
2.574e-07
2.571e-07
2.571e-07
2.57e-07
2.571e-07
2.57e-07
2.569e-07
2.571e-07
2.571e-07
2.57e-07
2.571e-07
2.591e-07
2.57e-07
2.574e-07
2.569e-07
2.57e-07
2.572e-07
2.572e-07
2.57e-07
2.57e-07
2.574e-07
2.571e-07
2.654e-07
2.592e-07
3.342e-07
2.595e-07
2.594e-07
2.571e-07
2.571e-07
2.572e-07
2.57e-07
2.593e-07
2.592e-07
3.514e-07
2.571e-07
2.571e-07
2.57e-07
2.571e-07
2.57e-07
2.571e-07
2.593e-07
2.591e-07
2.595e-07
2.593e-07
2.57e-07
2.594e-07
2.571e-07
2.574e-07
2.571e-07
2.571e-07
2.573e-07
2.571e-07
2.596e-07
2.593e-07
2.592e-07
4.089e-07
2.572e-07
2.571e-07
2.571e-07
2.571e-07
2.571e-07
2.574e-07
2.571e-07
2.571e-07
4.658e-07
2.571e-07
1.7249e-06
2.572e-07
2.57e-07
2.571e-07
2.57e-07
2.573e-07
2.575e-07
2.571e-07
2.571e-07
2.571e-07
2.571e-07
2.63e-07
2.573e-07
2.914e-07
2.593e-07
3.035e-07
2.571e-07
2.57e-07
2.595e-07
2.57e-07
2.594e-07
2.57e-07
2.571e-07
2.571e-07
2.571e-07
2.571e-07
2.57e-07
2.57e-07
2.571e-07
2.591e-07
2.594e-07
2.594e-07
2.57e-07
2.571e-07
2.593e-07
2.572e-07
2.57e-07
2.57e-07
2.569e-07
2.571e-07
2.571e-07
2.571e-07
2.569e-07
2.571e-07
2.571e-07
2.57e-07
2.594e-07
2.592e-07
2.592e-07
2.593e-07
3.073e-07
2.593e-07
2.571e-07
2.571e-07
2.57e-07
2.569e-07
2.571e-07
2.571e-07
2.571e-07
2.593e-07
2.595e-07
2.659e-07
2.591e-07
2.593e-07
2.571e-07
3.613e-07
2.571e-07
2.57e-07
2.571e-07
2.572e-07
2.571e-07
2.571e-07
2.57e-07
2.571e-07
2.637e-07
2.571e-07
2.571e-07
2.571e-07
3.011e-07
2.571e-07
2.575e-07
2.571e-07
2.571e-07
2.571e-07
2.571e-07
2.571e-07
2.571e-07
2.575e-07
2.591e-07
2.57e-07
2.57e-07
2.571e-07
2.571e-07
2.57e-07
2.592e-07
2.594e-07
2.591e-07
2.594e-07
2.569e-07
2.57e-07
2.572e-07
2.572e-07
2.593e-07
2.594e-07
1.7e-06
2.593e-07
2.57e-07
2.867e-07
2.57e-07
2.571e-07
2.57e-07
2.576e-07
2.57e-07
2.571e-07
2.571e-07
2.571e-07
2.571e-07
2.571e-07
2.571e-07
2.571e-07
2.57e-07
2.575e-07
2.57e-07
2.571e-07
2.572e-07
2.572e-07
2.574e-07
2.57e-07
2.592e-07
2.571e-07
2.672e-07
2.57e-07
2.571e-07
2.571e-07
2.571e-07
2.571e-07
2.57e-07
2.57e-07
2.57e-07
2.574e-07
2.592e-07
9.383e-07
2.57e-07
2.57e-07
2.592e-07
3.09e-07
2.591e-07
2.591e-07
2.593e-07
2.592e-07
2.571e-07
2.573e-07
2.571e-07
2.571e-07
2.571e-07
2.571e-07
2.571e-07
2.593e-07
2.571e-07
2.57e-07
2.57e-07
2.571e-07
2.571e-07
2.571e-07
2.571e-07
2.571e-07
2.571e-07
2.571e-07
2.569e-07
2.57e-07
2.571e-07
2.572e-07
2.603e-07
2.573e-07
2.57e-07
2.594e-07
2.571e-07
2.57e-07
2.57e-07
2.594e-07
2.571e-07
2.594e-07
2.594e-07
2.597e-07
2.595e-07
2.571e-07
2.571e-07
2.571e-07
2.571e-07
2.571e-07
2.571e-07
2.571e-07
2.57e-07
2.594e-07
2.595e-07
2.597e-07
2.57e-07
2.571e-07
2.571e-07
2.593e-07
2.57e-07
2.571e-07
2.57e-07
2.57e-07
2.57e-07
2.593e-07
2.592e-07
2.801e-07
2.591e-07
2.592e-07
2.593e-07
2.572e-07
2.592e-07
2.596e-07
2.571e-07
2.571e-07
2.571e-07
2.592e-07
2.592e-07
2.592e-07
2.571e-07
2.571e-07
2.571e-07
2.594e-07
2.571e-07
2.593e-07
2.573e-07
2.571e-07
2.571e-07
2.571e-07
2.572e-07
2.569e-07
2.594e-07
2.572e-07
2.571e-07
2.57e-07
2.571e-07
2.571e-07
2.57e-07
2.571e-07
4.07e-07
2.571e-07
2.571e-07
2.571e-07
2.571e-07
2.569e-07
2.571e-07
6.561e-07
2.571e-07
2.571e-07
2.571e-07
2.57e-07
2.571e-07
2.57e-07
2.59e-07
2.571e-07
2.571e-07
2.57e-07
2.57e-07
2.57e-07
2.569e-07
2.571e-07
2.57e-07
2.571e-07
2.594e-07
2.595e-07
2.57e-07
2.571e-07
2.569e-07
2.571e-07
2.57e-07
2.571e-07
2.573e-07
2.571e-07
2.571e-07
2.571e-07
2.57e-07
2.571e-07
2.595e-07
2.701e-07
2.594e-07
2.571e-07
2.927e-07
2.591e-07
2.594e-07
2.592e-07
2.571e-07
2.569e-07
2.571e-07
2.571e-07
2.571e-07
2.571e-07
2.574e-07
2.571e-07
2.57e-07
2.571e-07
2.573e-07
2.57e-07
2.571e-07
2.571e-07
2.571e-07
2.57e-07
2.593e-07
2.571e-07
2.57e-07
2.571e-07
2.571e-07
2.571e-07
2.571e-07
2.574e-07
2.571e-07
2.571e-07
2.598e-07
2.572e-07
2.637e-07
2.571e-07
2.571e-07
2.574e-07
2.571e-07
2.57e-07
2.592e-07
2.595e-07
2.594e-07
2.593e-07
2.593e-07
2.571e-07
2.57e-07
2.594e-07
2.571e-07
2.57e-07
2.571e-07
2.571e-07
2.571e-07
2.571e-07
2.572e-07
2.572e-07
2.57e-07
2.571e-07
2.571e-07
2.57e-07
2.571e-07
2.571e-07
2.569e-07
2.572e-07
2.771e-07
2.57e-07
2.571e-07
2.571e-07
2.571e-07
2.57e-07
2.571e-07
2.593e-07
2.571e-07
2.593e-07
2.593e-07
2.592e-07
2.571e-07
2.571e-07
2.573e-07
1.026e-06
2.571e-07
5.635e-07
2.571e-07
2.57e-07
2.593e-07
2.676e-07
2.588e-07
2.646e-07
2.57e-07
2.571e-07
2.57e-07
2.571e-07
2.594e-07
5.653e-07
2.571e-07
2.571e-07
2.57e-07
2.591e-07
2.592e-07
2.593e-07
2.571e-07
2.571e-07
2.572e-07
2.595e-07
2.571e-07
2.57e-07
2.57e-07
2.571e-07
2.571e-07
2.57e-07
2.571e-07
2.57e-07
2.592e-07
2.571e-07
2.57e-07
2.571e-07
2.571e-07
2.571e-07
2.571e-07
2.57e-07
2.57e-07
2.594e-07
2.593e-07
2.594e-07
2.593e-07
2.592e-07
2.596e-07
2.591e-07
2.571e-07
2.656e-07
2.592e-07
3.821e-07
2.571e-07
2.571e-07
2.571e-07
2.571e-07
2.571e-07
2.571e-07
2.621e-07
2.575e-07
2.571e-07
2.571e-07
2.592e-07
2.571e-07
1.7441e-06
2.879e-07
2.594e-07
2.571e-07
2.571e-07
2.571e-07
2.591e-07
2.571e-07
2.571e-07
2.571e-07
2.593e-07
2.571e-07
2.592e-07
3.125e-07
2.571e-07
2.571e-07
2.592e-07
2.571e-07
2.569e-07
2.571e-07
2.571e-07
2.593e-07
2.571e-07
2.571e-07
2.591e-07
2.57e-07
1.765e-06
1.7608e-06
3.393e-07
3.192e-07
2.659e-07
2.571e-07
2.571e-07
2.571e-07
2.571e-07
2.57e-07
2.571e-07
2.571e-07
2.571e-07
2.571e-07
2.731e-07
2.571e-07
2.593e-07
2.57e-07
2.636e-07
2.571e-07
2.57e-07
2.57e-07
2.571e-07
2.619e-07
2.571e-07
2.591e-07
2.573e-07
2.571e-07
2.591e-07
2.571e-07
2.598e-07
2.651e-07
2.57e-07
4.571e-07
2.569e-07
2.571e-07
2.57e-07
2.571e-07
2.571e-07
2.57e-07
2.57e-07
2.593e-07
2.593e-07
2.593e-07
2.57e-07
2.594e-07
2.593e-07
2.571e-07
2.571e-07
2.57e-07
2.571e-07
2.599e-07
2.593e-07
2.573e-07
2.571e-07
2.571e-07
2.596e-07
2.591e-07
2.592e-07
2.57e-07
2.57e-07
2.571e-07
2.571e-07
2.571e-07
2.571e-07
2.57e-07
2.57e-07
2.571e-07
2.572e-07
2.592e-07
2.593e-07
2.593e-07
2.594e-07
2.571e-07
2.571e-07
2.57e-07
2.571e-07
2.571e-07
2.571e-07
2.571e-07
2.571e-07
2.592e-07
2.571e-07
2.571e-07
2.572e-07
2.571e-07
2.571e-07
2.571e-07
2.571e-07
2.593e-07
2.571e-07
2.57e-07
2.571e-07
2.572e-07
2.571e-07
2.571e-07
2.592e-07
2.593e-07
2.593e-07
2.595e-07
1.3682e-06
2.571e-07
2.571e-07
2.593e-07
2.572e-07
2.593e-07
2.592e-07
2.571e-07
2.571e-07
2.571e-07
2.571e-07
2.571e-07
2.571e-07
2.571e-07
2.57e-07
2.571e-07
2.571e-07
2.571e-07
2.571e-07
2.571e-07
2.651e-07
2.57e-07
2.571e-07
2.571e-07
2.571e-07
2.57e-07
2.571e-07
2.57e-07
2.57e-07
2.571e-07
2.57e-07
2.594e-07
2.594e-07
2.571e-07
2.571e-07
2.571e-07
2.571e-07
2.571e-07
2.592e-07
2.57e-07
2.57e-07
2.571e-07
2.571e-07
2.571e-07
2.593e-07
2.593e-07
2.569e-07
2.571e-07
2.571e-07
2.574e-07
2.571e-07
2.598e-07
2.57e-07
2.57e-07
2.57e-07
2.845e-07
2.571e-07
2.571e-07
2.571e-07
2.57e-07
2.571e-07
2.577e-07
2.574e-07
2.571e-07
2.57e-07
2.571e-07
2.571e-07
2.594e-07
3.094e-07
2.571e-07
2.57e-07
2.571e-07
2.571e-07
2.571e-07
2.571e-07
2.592e-07
2.595e-07
2.571e-07
2.592e-07
3.03e-07
2.571e-07
2.571e-07
2.574e-07
2.571e-07
2.592e-07
2.593e-07
2.571e-07
2.572e-07
3.763e-07
2.574e-07
2.571e-07
2.571e-07
2.57e-07
2.595e-07
2.592e-07
2.571e-07
2.57e-07
2.592e-07
2.594e-07
2.571e-07
2.57e-07
2.57e-07
2.571e-07
2.571e-07
2.594e-07
2.571e-07
2.571e-07
2.571e-07
2.573e-07
2.592e-07
4.384e-07
2.57e-07
2.571e-07
2.571e-07
2.571e-07
2.57e-07
2.572e-07
2.571e-07
2.571e-07
2.571e-07
2.593e-07
2.571e-07
2.571e-07
2.592e-07
2.592e-07
2.596e-07
2.571e-07
2.571e-07
2.594e-07
2.597e-07
2.571e-07
2.571e-07
2.571e-07
2.569e-07
2.57e-07
2.571e-07
2.571e-07
2.594e-07
2.593e-07
2.592e-07
2.591e-07
2.597e-07
2.57e-07
2.569e-07
2.571e-07
2.57e-07
2.572e-07
2.571e-07
2.57e-07
2.572e-07
2.572e-07
2.571e-07
2.572e-07
2.57e-07
2.57e-07
2.571e-07
2.571e-07
2.57e-07
2.57e-07
2.594e-07
2.593e-07
2.571e-07
2.571e-07
2.572e-07
2.571e-07
2.593e-07
2.571e-07
2.57e-07
2.57e-07
2.571e-07
2.591e-07
2.594e-07
2.571e-07
2.57e-07
2.571e-07
2.57e-07
2.571e-07
2.57e-07
2.667e-07
2.571e-07
2.57e-07
2.571e-07
2.571e-07
2.571e-07
2.571e-07
2.574e-07
2.571e-07
2.592e-07
2.593e-07
2.569e-07
2.571e-07
2.571e-07
2.57e-07
2.594e-07
2.593e-07
2.594e-07
2.756e-07
2.571e-07
2.571e-07
2.571e-07
2.573e-07
2.571e-07
2.571e-07
2.571e-07
2.571e-07
2.595e-07
2.571e-07
2.57e-07
2.57e-07
2.57e-07
2.593e-07
2.595e-07
2.591e-07
2.595e-07
3.023e-07
2.571e-07
2.571e-07
2.571e-07
2.572e-07
2.571e-07
2.572e-07
2.574e-07
2.571e-07
2.592e-07
2.571e-07
2.593e-07
2.571e-07
2.57e-07
2.573e-07
2.594e-07
2.592e-07
2.572e-07
2.57e-07
2.571e-07
2.791e-07
2.571e-07
2.571e-07
2.573e-07
2.569e-07
2.57e-07
2.571e-07
2.571e-07
2.571e-07
2.594e-07
2.571e-07
2.573e-07
2.57e-07
2.571e-07
2.571e-07
2.57e-07
2.57e-07
2.571e-07
2.592e-07
2.592e-07
2.591e-07
2.594e-07
2.592e-07
2.571e-07
2.571e-07
2.571e-07
2.571e-07
2.571e-07
2.571e-07
2.593e-07
2.571e-07
2.571e-07
2.593e-07
2.596e-07
2.592e-07
2.572e-07
2.569e-07
2.591e-07
2.593e-07
2.571e-07
2.571e-07
2.571e-07
2.591e-07
2.592e-07
2.571e-07
2.571e-07
2.571e-07
2.575e-07
2.607e-07
2.571e-07
2.571e-07
2.571e-07
2.57e-07
2.571e-07
2.571e-07
2.571e-07
2.573e-07
2.57e-07
2.57e-07
2.572e-07
2.571e-07
2.571e-07
2.571e-07
2.571e-07
2.593e-07
2.57e-07
2.591e-07
2.57e-07
2.571e-07
2.57e-07
2.57e-07
2.57e-07
2.571e-07
2.571e-07
2.572e-07
2.593e-07
2.593e-07
2.571e-07
2.571e-07
2.57e-07
2.569e-07
2.57e-07
2.571e-07
2.571e-07
2.593e-07
2.571e-07
2.571e-07
3.894e-07
2.597e-07
2.571e-07
2.57e-07
2.571e-07
2.57e-07
2.571e-07
2.592e-07
2.593e-07
2.57e-07
2.571e-07
2.573e-07
2.571e-07
2.57e-07
2.571e-07
2.571e-07
2.571e-07
2.571e-07
2.571e-07
2.571e-07
2.571e-07
2.571e-07
2.571e-07
2.592e-07
2.597e-07
2.593e-07
2.571e-07
2.571e-07
2.571e-07
2.573e-07
2.571e-07
2.572e-07
2.575e-07
2.571e-07
2.571e-07
2.571e-07
2.571e-07
2.571e-07
2.571e-07
2.57e-07
2.571e-07
2.571e-07
2.57e-07
2.594e-07
2.569e-07
2.571e-07
2.57e-07
2.571e-07
2.571e-07
2.571e-07
2.594e-07
2.633e-07
2.571e-07
2.574e-07
2.571e-07
2.574e-07
2.594e-07
2.592e-07
4.05e-07
2.593e-07
2.652e-07
2.571e-07
2.573e-07
2.569e-07
2.572e-07
2.57e-07
2.57e-07
2.57e-07
2.571e-07
2.571e-07
2.593e-07
2.594e-07
2.57e-07
2.571e-07
2.57e-07
2.571e-07
2.57e-07
2.571e-07
2.57e-07
1.1435e-06
2.571e-07
2.571e-07
2.572e-07
2.571e-07
2.571e-07
2.591e-07
2.593e-07
2.593e-07
2.594e-07
6.539e-07
2.571e-07
2.571e-07
2.571e-07
2.57e-07
2.592e-07
2.571e-07
2.593e-07
2.592e-07
2.594e-07
2.592e-07
2.592e-07
2.591e-07
2.571e-07
2.591e-07
2.571e-07
2.571e-07
2.571e-07
2.594e-07
2.571e-07
2.925e-07
2.594e-07
2.592e-07
2.592e-07
2.592e-07
2.571e-07
2.571e-07
2.57e-07
2.57e-07
2.57e-07
2.571e-07
2.571e-07
2.594e-07
2.57e-07
2.571e-07
2.592e-07
2.571e-07
2.57e-07
2.656e-07
2.592e-07
2.571e-07
2.571e-07
2.572e-07
2.571e-07
2.57e-07
2.591e-07
2.571e-07
2.57e-07
2.57e-07
2.621e-07
2.593e-07
2.571e-07
2.595e-07
2.577e-07
2.57e-07
2.571e-07
2.57e-07
2.57e-07
2.571e-07
2.571e-07
2.594e-07
2.591e-07
2.593e-07
2.594e-07
2.593e-07
2.571e-07
2.571e-07
2.571e-07
2.572e-07
2.572e-07
2.57e-07
2.719e-07
2.57e-07
2.571e-07
2.571e-07
2.591e-07
2.593e-07
2.571e-07
2.594e-07
2.593e-07
3.21e-07
2.57e-07
2.571e-07
2.572e-07
2.571e-07
2.571e-07
2.571e-07
2.573e-07
2.571e-07
2.57e-07
2.571e-07
2.592e-07
2.594e-07
2.571e-07
2.571e-07
2.57e-07
2.596e-07
2.593e-07
2.593e-07
2.573e-07
3.739e-07
2.57e-07
2.571e-07
2.594e-07
2.593e-07
2.595e-07
2.572e-07
2.57e-07
2.571e-07
2.571e-07
2.571e-07
2.593e-07
2.571e-07
2.57e-07
2.593e-07
2.571e-07
2.592e-07
2.592e-07
2.57e-07
2.571e-07
2.571e-07
2.571e-07
2.572e-07
2.573e-07
2.571e-07
2.571e-07
2.571e-07
2.569e-07
2.571e-07
2.571e-07
2.571e-07
1.687e-06
2.569e-07
2.592e-07
2.593e-07
2.599e-07
2.593e-07
2.592e-07
2.571e-07
2.57e-07
2.571e-07
2.571e-07
2.571e-07
2.571e-07
2.573e-07
2.569e-07
2.571e-07
2.571e-07
2.571e-07
2.571e-07
2.571e-07
2.571e-07
2.592e-07
2.571e-07
2.57e-07
2.571e-07
2.594e-07
2.595e-07
2.594e-07
2.572e-07
2.571e-07
2.571e-07
2.571e-07
2.57e-07
2.571e-07
2.57e-07
2.571e-07
2.571e-07
2.592e-07
2.593e-07
2.571e-07
2.647e-07
2.59e-07
2.593e-07
2.572e-07
2.573e-07
2.57e-07
2.57e-07
2.594e-07
2.593e-07
2.592e-07
2.57e-07
2.571e-07
2.57e-07
2.571e-07
2.572e-07
2.571e-07
2.594e-07
2.593e-07
2.593e-07
2.593e-07
4.077e-07
2.57e-07
2.571e-07
2.571e-07
2.571e-07
2.572e-07
2.57e-07
2.573e-07
2.572e-07
2.595e-07
2.574e-07
2.571e-07
2.57e-07
4.111e-07
2.573e-07
2.571e-07
2.572e-07
2.569e-07
2.57e-07
2.57e-07
2.571e-07
2.597e-07
2.571e-07
2.57e-07
2.57e-07
2.571e-07
2.57e-07
2.571e-07
2.571e-07
2.594e-07
2.571e-07
2.571e-07
2.571e-07
2.57e-07
2.571e-07
7.675e-07
2.571e-07
2.571e-07
2.571e-07
2.571e-07
2.571e-07
2.571e-07
2.571e-07
2.571e-07
2.593e-07
2.596e-07
2.571e-07
2.593e-07
2.592e-07
2.594e-07
2.571e-07
2.571e-07
2.57e-07
2.741e-07
2.571e-07
2.747e-07
2.595e-07
2.592e-07
2.571e-07
2.571e-07
2.57e-07
2.571e-07
2.571e-07
2.573e-07
2.571e-07
2.572e-07
2.571e-07
2.571e-07
2.571e-07
2.571e-07
2.571e-07
2.571e-07
2.572e-07
2.591e-07
2.596e-07
2.57e-07
2.571e-07
2.571e-07
2.593e-07
2.593e-07
3.147e-07
2.594e-07
2.591e-07
2.571e-07
2.571e-07
2.594e-07
2.593e-07
2.591e-07
2.57e-07
2.576e-07
2.574e-07
2.57e-07
2.57e-07
2.571e-07
2.571e-07
2.572e-07
2.57e-07
2.571e-07
2.57e-07
2.571e-07
2.57e-07
2.57e-07
2.572e-07
2.571e-07
2.571e-07
2.571e-07
2.57e-07
2.594e-07
2.597e-07
2.571e-07
2.571e-07
2.572e-07
2.572e-07
2.592e-07
2.591e-07
2.57e-07
2.571e-07
2.571e-07
2.571e-07
2.57e-07
2.591e-07
2.571e-07
2.571e-07
2.571e-07
2.571e-07
2.593e-07
2.574e-07
2.571e-07
1.175e-06
2.571e-07
2.571e-07
2.571e-07
2.571e-07
2.571e-07
2.571e-07
2.571e-07
2.57e-07
2.593e-07
2.592e-07
2.571e-07
2.571e-07
1.3159e-06
2.603e-07
2.57e-07
2.571e-07
2.572e-07
2.573e-07
2.571e-07
2.593e-07
2.594e-07
2.571e-07
2.594e-07
2.571e-07
2.571e-07
2.571e-07
2.57e-07
2.593e-07
2.592e-07
2.571e-07
2.571e-07
2.571e-07
2.571e-07
2.575e-07
2.571e-07
2.647e-07
2.57e-07
2.571e-07
2.57e-07
2.571e-07
2.593e-07
2.75e-07
2.571e-07
2.572e-07
2.573e-07
2.574e-07
2.571e-07
2.573e-07
2.571e-07
2.571e-07
2.591e-07
2.57e-07
2.571e-07
2.571e-07
2.571e-07
2.571e-07
2.571e-07
2.57e-07
2.571e-07
2.651e-07
2.593e-07
3.287e-07
2.57e-07
2.571e-07
2.571e-07
2.571e-07
2.571e-07
2.569e-07
2.593e-07
2.591e-07
2.571e-07
2.571e-07
2.593e-07
2.595e-07
2.571e-07
2.571e-07
2.571e-07
2.571e-07
2.57e-07
2.57e-07
2.571e-07
2.572e-07
2.571e-07
2.572e-07
2.57e-07
2.593e-07
2.593e-07
2.592e-07
2.593e-07
2.574e-07
2.57e-07
2.571e-07
2.571e-07
2.571e-07
2.592e-07
2.593e-07
2.571e-07
2.575e-07
2.571e-07
2.571e-07
2.592e-07
2.571e-07
2.571e-07
2.57e-07
2.57e-07
2.57e-07
2.571e-07
2.57e-07
2.571e-07
2.571e-07
2.57e-07
2.594e-07
2.592e-07
2.571e-07
2.592e-07
2.572e-07
2.571e-07
2.574e-07
2.571e-07
2.571e-07
2.571e-07
2.57e-07
2.573e-07
2.57e-07
2.595e-07
2.571e-07
2.571e-07
2.572e-07
2.572e-07
2.591e-07
2.571e-07
2.592e-07
2.573e-07
2.571e-07
2.571e-07
2.571e-07
2.57e-07
2.57e-07
2.572e-07
2.573e-07
2.57e-07
2.595e-07
2.596e-07
3.169e-07
2.57e-07
2.571e-07
2.571e-07
2.571e-07
2.571e-07
2.569e-07
2.571e-07
2.571e-07
2.57e-07
2.594e-07
2.858e-07
2.569e-07
2.57e-07
2.571e-07
2.575e-07
2.593e-07
2.594e-07
2.571e-07
2.57e-07
2.571e-07
2.571e-07
2.573e-07
2.57e-07
2.592e-07
2.593e-07
2.592e-07
2.594e-07
2.592e-07
2.571e-07
2.571e-07
2.571e-07
6.568e-07
2.571e-07
2.592e-07
2.593e-07
2.593e-07
2.57e-07
2.57e-07
2.571e-07
2.571e-07
2.571e-07
2.593e-07
2.593e-07
2.592e-07
2.571e-07
2.571e-07
2.571e-07
2.572e-07
2.571e-07
2.57e-07
2.571e-07
2.57e-07
2.57e-07
9.226e-07
2.571e-07
2.571e-07
2.571e-07
2.57e-07
2.596e-07
2.593e-07
2.571e-07
2.57e-07
2.571e-07
2.572e-07
2.591e-07
2.59e-07
2.575e-07
2.593e-07
2.592e-07
2.592e-07
2.57e-07
2.571e-07
2.572e-07
2.57e-07
2.57e-07
2.592e-07
2.593e-07
2.594e-07
2.571e-07
2.571e-07
2.572e-07
2.574e-07
2.594e-07
2.593e-07
3.152e-07
2.571e-07
2.728e-07
2.57e-07
2.571e-07
2.573e-07
2.572e-07
2.571e-07
2.569e-07
2.592e-07
2.571e-07
2.57e-07
2.571e-07
2.571e-07
2.571e-07
2.572e-07
2.595e-07
2.594e-07
2.574e-07
2.573e-07
2.571e-07
2.571e-07
2.572e-07
1.7254e-06
9.781e-07
2.571e-07
2.57e-07
2.571e-07
2.571e-07
2.57e-07
2.571e-07
2.572e-07
2.572e-07
2.571e-07
2.571e-07
2.571e-07
2.571e-07
2.571e-07
2.59e-07
2.571e-07
2.573e-07
2.571e-07
2.571e-07
2.571e-07
2.571e-07
2.571e-07
2.573e-07
2.593e-07
2.571e-07
2.571e-07
2.572e-07
2.593e-07
2.593e-07
2.593e-07
3.611e-07
2.571e-07
2.57e-07
2.571e-07
2.57e-07
2.57e-07
2.571e-07
2.571e-07
2.571e-07
2.593e-07
2.593e-07
4.088e-07
2.571e-07
2.571e-07
2.571e-07
2.571e-07
2.594e-07
2.571e-07
2.595e-07
2.593e-07
2.592e-07
2.571e-07
2.571e-07
2.57e-07
2.57e-07
2.572e-07
2.57e-07
2.75e-07
2.844e-07
2.593e-07
2.593e-07
2.57e-07
2.57e-07
2.571e-07
2.571e-07
2.591e-07
2.571e-07
2.571e-07
2.593e-07
5.033e-07
2.571e-07
2.715e-07
2.593e-07
4.918e-07
2.571e-07
2.571e-07
2.593e-07
2.593e-07
2.57e-07
2.571e-07
2.573e-07
2.571e-07
2.591e-07
2.594e-07
2.591e-07
2.591e-07
2.573e-07
2.571e-07
2.57e-07
2.569e-07
2.574e-07
2.571e-07
2.596e-07
2.593e-07
2.57e-07
2.57e-07
2.571e-07
2.593e-07
2.593e-07
2.793e-07
2.595e-07
2.951e-07
2.572e-07
2.57e-07
2.571e-07
2.571e-07
2.571e-07
2.571e-07
2.595e-07
2.594e-07
2.569e-07
2.571e-07
2.685e-07
2.595e-07
2.597e-07
2.571e-07
2.57e-07
2.57e-07
2.57e-07
2.571e-07
2.571e-07
2.571e-07
2.594e-07
2.571e-07
2.571e-07
2.571e-07
2.571e-07
2.571e-07
2.569e-07
2.571e-07
2.593e-07
2.593e-07
2.571e-07
2.571e-07
2.571e-07
2.57e-07
2.571e-07
2.571e-07
2.571e-07
2.57e-07
2.571e-07
2.756e-07
2.593e-07
2.592e-07
2.593e-07
4.071e-07
2.576e-07
2.571e-07
2.571e-07
2.571e-07
2.571e-07
2.571e-07
2.571e-07
2.573e-07
2.571e-07
2.57e-07
2.571e-07
2.571e-07
2.57e-07
2.573e-07
2.57e-07
2.589e-07
2.572e-07
2.592e-07
2.571e-07
2.573e-07
2.57e-07
2.571e-07
2.592e-07
2.571e-07
2.572e-07
2.571e-07
2.571e-07
2.569e-07
2.571e-07
2.571e-07
2.57e-07
2.571e-07
2.571e-07
2.571e-07
2.571e-07
2.571e-07
2.571e-07
2.571e-07
2.571e-07
2.57e-07
2.635e-07
1.3967e-06
2.571e-07
2.571e-07
2.572e-07
2.571e-07
2.596e-07
2.593e-07
2.571e-07
2.571e-07
2.571e-07
2.57e-07
4.564e-07
2.591e-07
3.136e-07
2.594e-07
2.571e-07
2.593e-07
2.592e-07
2.57e-07
2.571e-07
2.571e-07
2.57e-07
2.571e-07
2.57e-07
2.571e-07
2.591e-07
2.571e-07
2.592e-07
2.592e-07
6.087e-07
2.571e-07
2.571e-07
2.594e-07
2.57e-07
2.571e-07
2.57e-07
2.593e-07
2.571e-07
2.658e-07
2.592e-07
2.572e-07
2.57e-07
2.571e-07
2.571e-07
2.57e-07
2.595e-07
2.593e-07
2.591e-07
2.571e-07
2.571e-07
2.57e-07
2.571e-07
2.593e-07
2.592e-07
2.571e-07
2.571e-07
2.572e-07
2.574e-07
3.093e-07
2.593e-07
2.571e-07
2.571e-07
2.571e-07
2.571e-07
2.571e-07
2.572e-07
2.571e-07
2.571e-07
2.57e-07
2.57e-07
2.571e-07
2.572e-07
2.593e-07
2.591e-07
2.592e-07
2.592e-07
2.598e-07
2.57e-07
2.571e-07
2.571e-07
2.571e-07
2.573e-07
2.571e-07
2.571e-07
2.571e-07
2.573e-07
2.571e-07
2.574e-07
2.595e-07
2.571e-07
2.591e-07
2.592e-07
2.57e-07
2.593e-07
6.482e-07
2.57e-07
2.596e-07
2.573e-07
2.571e-07
2.571e-07
2.571e-07
2.571e-07
2.571e-07
2.569e-07
2.571e-07
2.571e-07
2.569e-07
2.571e-07
2.571e-07
2.573e-07
2.66e-07
2.571e-07
2.592e-07
2.57e-07
2.571e-07
2.571e-07
6.561e-07
2.574e-07
2.593e-07
2.571e-07
2.573e-07
2.571e-07
2.571e-07
2.571e-07
2.571e-07
2.57e-07
2.571e-07
2.571e-07
2.571e-07
7.945e-07
2.571e-07
2.571e-07
2.57e-07
2.57e-07
2.57e-07
2.571e-07
2.594e-07
2.571e-07
2.571e-07
2.595e-07
2.57e-07
2.571e-07
2.571e-07
2.571e-07
2.571e-07
2.593e-07
2.594e-07
2.571e-07
2.574e-07
2.57e-07
2.571e-07
2.571e-07
2.571e-07
2.575e-07
