2.411e-07
2.572e-07
2.571e-07
2.571e-07
2.571e-07
2.57e-07
2.572e-07
2.571e-07
2.572e-07
2.571e-07
2.595e-07
2.57e-07
2.571e-07
2.572e-07
2.571e-07
2.571e-07
2.57e-07
2.571e-07
2.571e-07
2.573e-07
2.572e-07
2.571e-07
2.571e-07
5.575e-07
2.594e-07
2.842e-07
2.572e-07
2.573e-07
2.571e-07
2.571e-07
2.824e-07
2.571e-07
2.573e-07
2.571e-07
2.572e-07
2.57e-07
2.571e-07
2.571e-07
2.595e-07
2.572e-07
2.571e-07
2.571e-07
2.571e-07
2.646e-07
2.615e-07
2.592e-07
2.617e-07
2.571e-07
2.572e-07
2.784e-07
2.642e-07
2.638e-07
2.573e-07
2.596e-07
3.243e-07
2.655e-07
2.634e-07
2.625e-07
2.572e-07
2.573e-07
2.57e-07
2.571e-07
2.571e-07
2.57e-07
2.571e-07
2.573e-07
2.57e-07
2.571e-07
2.636e-07
2.711e-07
2.571e-07
2.572e-07
2.571e-07
2.571e-07
2.572e-07
2.571e-07
2.572e-07
1.6926e-06
2.577e-07
2.571e-07
2.571e-07
2.572e-07
2.572e-07
2.57e-07
2.571e-07
2.57e-07
2.572e-07
2.592e-07
2.639e-07
2.641e-07
2.57e-07
2.57e-07
2.571e-07
2.571e-07
2.571e-07
2.571e-07
2.57e-07
2.57e-07
2.571e-07
2.572e-07
2.571e-07
2.573e-07
2.575e-07
2.571e-07
2.571e-07
2.569e-07
2.576e-07
2.571e-07
2.573e-07
2.571e-07
2.571e-07
2.572e-07
2.571e-07
2.571e-07
2.572e-07
2.571e-07
2.593e-07
2.614e-07
2.664e-07
2.595e-07
2.619e-07
1.36e-06
2.572e-07
1.3369e-06
2.57e-07
2.571e-07
2.642e-07
2.613e-07
2.57e-07
2.571e-07
2.593e-07
1.4612e-06
3.219e-07
2.572e-07
2.991e-07
2.571e-07
2.572e-07
2.571e-07
2.637e-07
2.656e-07
2.572e-07
2.571e-07
2.709e-07
2.571e-07
2.571e-07
2.572e-07
2.572e-07
2.571e-07
2.57e-07
2.57e-07
2.571e-07
2.571e-07
2.572e-07
2.572e-07
2.571e-07
2.569e-07
2.572e-07
2.572e-07
2.57e-07
2.571e-07
2.57e-07
2.571e-07
2.571e-07
2.571e-07
2.597e-07
2.594e-07
2.626e-07
2.571e-07
2.571e-07
2.572e-07
2.571e-07
2.571e-07
2.571e-07
2.572e-07
2.569e-07
2.571e-07
2.572e-07
2.57e-07
2.57e-07
2.571e-07
2.571e-07
2.572e-07
2.593e-07
2.572e-07
2.653e-07
2.571e-07
2.571e-07
2.572e-07
2.571e-07
2.573e-07
2.571e-07
2.572e-07
2.571e-07
2.573e-07
2.569e-07
2.597e-07
2.661e-07
4.67e-07
2.572e-07
2.571e-07
2.571e-07
2.575e-07
2.572e-07
2.571e-07
2.57e-07
2.571e-07
2.571e-07
2.57e-07
3.254e-07
2.571e-07
2.66e-07
2.572e-07
2.57e-07
2.571e-07
2.57e-07
2.69e-07
2.571e-07
2.572e-07
2.571e-07
2.783e-07
2.572e-07
2.572e-07
2.572e-07
2.572e-07
2.684e-07
2.571e-07
2.573e-07
2.572e-07
2.915e-07
2.571e-07
2.571e-07
2.668e-07
2.662e-07
2.67e-07
2.662e-07
2.572e-07
2.571e-07
2.791e-07
2.593e-07
2.571e-07
2.57e-07
2.572e-07
2.571e-07
2.57e-07
2.57e-07
2.571e-07
2.654e-07
2.67e-07
2.572e-07
2.686e-07
2.654e-07
2.594e-07
2.572e-07
2.571e-07
2.571e-07
2.571e-07
2.571e-07
2.57e-07
2.571e-07
2.571e-07
2.571e-07
2.653e-07
2.57e-07
2.572e-07
2.571e-07
2.571e-07
2.57e-07
2.573e-07
2.571e-07
2.572e-07
2.57e-07
2.57e-07
2.571e-07
2.571e-07
2.57e-07
2.57e-07
2.57e-07
2.571e-07
2.593e-07
2.57e-07
2.571e-07
2.571e-07
2.569e-07
2.572e-07
2.57e-07
2.571e-07
2.571e-07
2.571e-07
2.59e-07
2.572e-07
2.569e-07
2.571e-07
2.572e-07
2.571e-07
2.57e-07
2.576e-07
2.571e-07
2.571e-07
2.571e-07
2.572e-07
2.569e-07
2.571e-07
2.669e-07
2.713e-07
2.57e-07
2.571e-07
2.572e-07
2.572e-07
2.571e-07
2.572e-07
2.571e-07
2.593e-07
2.59e-07
2.676e-07
2.569e-07
2.574e-07
2.57e-07
2.571e-07
2.571e-07
2.572e-07
2.57e-07
2.572e-07
3.236e-07
2.655e-07
2.572e-07
2.571e-07
2.57e-07
2.57e-07
2.571e-07
2.65e-07
2.64e-07
2.571e-07
2.571e-07
2.571e-07
2.572e-07
2.571e-07
2.57e-07
2.57e-07
2.571e-07
2.571e-07
2.571e-07
2.571e-07
2.571e-07
2.571e-07
2.571e-07
2.571e-07
2.571e-07
2.571e-07
2.573e-07
2.634e-07
2.571e-07
2.571e-07
2.571e-07
2.571e-07
2.571e-07
2.571e-07
2.571e-07
2.57e-07
2.574e-07
2.571e-07
2.571e-07
2.57e-07
2.571e-07
2.571e-07
2.638e-07
2.647e-07
2.643e-07
2.571e-07
2.571e-07
2.571e-07
2.57e-07
2.57e-07
2.572e-07
2.572e-07
2.572e-07
2.571e-07
2.571e-07
2.57e-07
2.571e-07
2.572e-07
2.572e-07
2.572e-07
2.57e-07
2.594e-07
2.592e-07
2.934e-07
2.65e-07
2.64e-07
2.57e-07
2.573e-07
2.571e-07
2.571e-07
2.572e-07
2.571e-07
2.571e-07
2.57e-07
2.571e-07
2.571e-07
2.57e-07
2.572e-07
2.571e-07
2.572e-07
2.571e-07
2.57e-07
2.647e-07
2.57e-07
2.571e-07
2.575e-07
2.572e-07
2.571e-07
2.57e-07
2.569e-07
2.571e-07
2.572e-07
2.572e-07
2.571e-07
2.571e-07
2.571e-07
2.57e-07
2.571e-07
2.571e-07
2.571e-07
2.571e-07
2.571e-07
2.57e-07
2.571e-07
2.571e-07
2.571e-07
2.571e-07
2.571e-07
2.571e-07
2.571e-07
2.571e-07
2.572e-07
2.592e-07
2.669e-07
2.571e-07
2.656e-07
2.688e-07
2.571e-07
2.575e-07
2.571e-07
2.572e-07
2.57e-07
2.572e-07
2.571e-07
2.57e-07
2.571e-07
2.571e-07
2.57e-07
2.571e-07
2.571e-07
2.661e-07
2.57e-07
2.571e-07
2.572e-07
2.57e-07
2.571e-07
2.57e-07
2.571e-07
2.587e-07
2.929e-07
2.613e-07
2.779e-07
2.572e-07
2.572e-07
2.57e-07
2.638e-07
2.596e-07
2.647e-07
2.914e-07
2.64e-07
2.569e-07
2.644e-07
2.677e-07
2.57e-07
2.64e-07
2.572e-07
2.572e-07
2.571e-07
2.572e-07
2.571e-07
2.571e-07
2.571e-07
2.571e-07
2.57e-07
2.572e-07
2.57e-07
2.57e-07
2.571e-07
2.57e-07
2.572e-07
2.671e-07
2.571e-07
2.595e-07
2.571e-07
2.572e-07
2.598e-07
2.655e-07
2.571e-07
2.569e-07
2.572e-07
2.57e-07
2.571e-07
2.571e-07
2.571e-07
2.571e-07
2.651e-07
2.571e-07
2.572e-07
2.593e-07
2.64e-07
2.64e-07
2.764e-07
2.79e-07
2.637e-07
2.572e-07
2.57e-07
2.571e-07
2.572e-07
2.57e-07
2.572e-07
2.572e-07
2.571e-07
2.571e-07
2.571e-07
2.57e-07
2.572e-07
2.639e-07
2.571e-07
2.572e-07
2.571e-07
2.571e-07
2.571e-07
2.571e-07
2.57e-07
2.57e-07
2.593e-07
2.613e-07
2.613e-07
2.619e-07
2.571e-07
2.572e-07
2.572e-07
2.571e-07
2.572e-07
2.571e-07
2.571e-07
2.571e-07
2.571e-07
2.57e-07
2.571e-07
2.571e-07
2.571e-07
2.647e-07
2.663e-07
2.571e-07
2.574e-07
2.593e-07
2.572e-07
3.047e-07
2.572e-07
2.57e-07
2.57e-07
2.571e-07
2.571e-07
2.572e-07
2.571e-07
2.571e-07
2.614e-07
2.637e-07
2.61e-07
2.635e-07
2.652e-07
2.617e-07
2.571e-07
2.655e-07
2.615e-07
2.571e-07
2.574e-07
2.571e-07
2.571e-07
2.571e-07
2.57e-07
2.571e-07
2.572e-07
2.57e-07
2.571e-07
2.571e-07
2.571e-07
2.571e-07
2.57e-07
2.57e-07
2.572e-07
2.571e-07
2.571e-07
2.571e-07
2.574e-07
2.571e-07
2.574e-07
2.57e-07
2.571e-07
2.571e-07
2.57e-07
2.571e-07
2.571e-07
2.571e-07
2.571e-07
2.571e-07
2.571e-07
2.651e-07
2.571e-07
2.571e-07
2.571e-07
2.572e-07
2.64e-07
2.57e-07
2.572e-07
2.571e-07
2.57e-07
2.571e-07
2.57e-07
2.572e-07
2.571e-07
2.57e-07
2.57e-07
2.57e-07
2.57e-07
2.571e-07
2.571e-07
2.571e-07
2.571e-07
3.431e-07
2.571e-07
2.724e-07
2.594e-07
2.646e-07
2.676e-07
2.595e-07
2.638e-07
2.625e-07
2.571e-07
2.57e-07
2.571e-07
2.571e-07
2.571e-07
2.571e-07
2.57e-07
2.572e-07
2.57e-07
2.57e-07
2.571e-07
2.571e-07
2.572e-07
2.572e-07
2.571e-07
2.571e-07
2.572e-07
2.57e-07
2.571e-07
2.572e-07
2.572e-07
2.571e-07
2.571e-07
2.57e-07
2.572e-07
2.571e-07
2.571e-07
2.572e-07
2.57e-07
2.571e-07
2.572e-07
2.571e-07
2.571e-07
2.642e-07
2.572e-07
2.572e-07
2.57e-07
2.572e-07
2.572e-07
2.615e-07
2.637e-07
2.57e-07
2.572e-07
3.039e-07
2.572e-07
2.571e-07
2.762e-07
2.595e-07
2.646e-07
2.616e-07
2.595e-07
2.64e-07
2.653e-07
2.571e-07
2.785e-07
2.571e-07
2.571e-07
2.57e-07
2.57e-07
2.571e-07
2.761e-07
2.57e-07
2.571e-07
2.605e-07
2.571e-07
2.571e-07
2.571e-07
2.573e-07
2.571e-07
2.571e-07
2.663e-07
2.571e-07
2.594e-07
2.654e-07
2.684e-07
2.643e-07
2.571e-07
2.573e-07
2.57e-07
2.571e-07
2.571e-07
2.712e-07
2.571e-07
1.1804e-06
2.571e-07
2.571e-07
2.57e-07
2.571e-07
2.571e-07
2.571e-07
2.595e-07
2.571e-07
2.8e-07
2.646e-07
2.57e-07
2.571e-07
2.653e-07
2.571e-07
2.644e-07
2.651e-07
2.571e-07
2.617e-07
2.572e-07
2.57e-07
2.572e-07
2.571e-07
2.571e-07
2.57e-07
2.572e-07
2.571e-07
2.647e-07
2.64e-07
2.571e-07
2.571e-07
2.571e-07
2.572e-07
2.571e-07
2.571e-07
2.573e-07
2.573e-07
2.708e-07
2.571e-07
2.596e-07
2.672e-07
2.572e-07
2.571e-07
3.176e-07
2.572e-07
2.409e-07
4.822e-07
2.57e-07
2.571e-07
2.695e-07
2.571e-07
2.572e-07
2.571e-07
3.044e-07
2.646e-07
2.571e-07
2.571e-07
2.915e-07
1.7686e-06
2.571e-07
1.7322e-06
2.667e-07
2.571e-07
2.572e-07
2.57e-07
8.756e-07
2.571e-07
2.57e-07
2.572e-07
2.57e-07
2.572e-07
2.573e-07
2.685e-07
2.695e-07
2.712e-07
2.571e-07
2.571e-07
2.571e-07
2.572e-07
2.572e-07
2.571e-07
2.571e-07
2.671e-07
2.571e-07
2.571e-07
2.571e-07
2.571e-07
2.572e-07
2.571e-07
2.658e-07
2.592e-07
2.571e-07
2.57e-07
2.574e-07
2.571e-07
2.571e-07
2.571e-07
2.592e-07
2.654e-07
2.593e-07
2.57e-07
2.571e-07
2.571e-07
2.572e-07
3.097e-07
2.572e-07
2.73e-07
2.57e-07
2.571e-07
2.572e-07
2.594e-07
2.659e-07
2.571e-07
2.57e-07
2.57e-07
2.569e-07
2.573e-07
2.671e-07
2.573e-07
2.647e-07
2.569e-07
2.572e-07
2.571e-07
2.572e-07
2.571e-07
2.57e-07
2.652e-07
2.659e-07
2.654e-07
2.632e-07
2.684e-07
2.634e-07
2.574e-07
2.571e-07
2.571e-07
2.574e-07
3.028e-07
2.572e-07
2.87e-07
2.653e-07
2.675e-07
2.571e-07
2.572e-07
2.571e-07
2.571e-07
2.571e-07
2.571e-07
2.573e-07
2.572e-07
2.57e-07
2.571e-07
2.57e-07
2.569e-07
2.573e-07
2.571e-07
2.57e-07
2.571e-07
2.573e-07
2.573e-07
2.571e-07
2.571e-07
2.678e-07
2.571e-07
2.595e-07
2.572e-07
7.497e-07
2.57e-07
2.572e-07
2.571e-07
2.672e-07
2.572e-07
2.57e-07
2.571e-07
2.571e-07
2.571e-07
2.57e-07
2.57e-07
2.571e-07
1.0293e-06
2.572e-07
2.572e-07
2.569e-07
2.572e-07
2.571e-07
2.571e-07
2.572e-07
2.572e-07
2.57e-07
2.571e-07
2.57e-07
2.569e-07
2.57e-07
2.571e-07
2.569e-07
2.571e-07
2.571e-07
2.57e-07
2.571e-07
2.662e-07
2.668e-07
2.572e-07
2.572e-07
2.569e-07
2.688e-07
2.666e-07
2.625e-07
2.573e-07
2.571e-07
2.592e-07
2.991e-07
2.657e-07
2.691e-07
2.65e-07
2.574e-07
2.571e-07
2.572e-07
2.571e-07
2.571e-07
2.572e-07
2.572e-07
2.571e-07
2.571e-07
2.57e-07
2.571e-07
2.572e-07
2.661e-07
2.57e-07
2.593e-07
2.569e-07
2.571e-07
2.571e-07
2.571e-07
2.574e-07
2.573e-07
2.57e-07
2.572e-07
2.571e-07
2.571e-07
2.572e-07
2.571e-07
2.571e-07
2.57e-07
2.696e-07
2.571e-07
2.651e-07
1.644e-06
2.633e-07
2.572e-07
2.571e-07
2.657e-07
2.655e-07
2.661e-07
2.572e-07
2.571e-07
2.572e-07
2.57e-07
2.571e-07
2.573e-07
2.594e-07
2.573e-07
2.573e-07
2.628e-07
2.656e-07
2.701e-07
2.571e-07
2.785e-07
2.572e-07
2.571e-07
2.572e-07
2.634e-07
2.592e-07
2.691e-07
2.571e-07
2.571e-07
2.572e-07
2.569e-07
2.593e-07
2.571e-07
2.572e-07
2.571e-07
2.571e-07
2.573e-07
2.571e-07
2.571e-07
2.571e-07
2.571e-07
2.571e-07
2.571e-07
2.571e-07
2.571e-07
2.571e-07
2.572e-07
2.571e-07
2.571e-07
2.571e-07
2.572e-07
2.571e-07
2.572e-07
2.571e-07
2.571e-07
2.572e-07
2.677e-07
2.659e-07
2.571e-07
2.571e-07
2.57e-07
2.664e-07
2.57e-07
2.572e-07
1.7636e-06
2.571e-07
2.572e-07
3.279e-07
1.7634e-06
2.849e-07
2.571e-07
2.572e-07
2.572e-07
2.574e-07
7.319e-07
2.571e-07
2.57e-07
2.572e-07
2.572e-07
2.951e-07
2.57e-07
2.57e-07
2.679e-07
3.692e-07
2.572e-07
2.573e-07
2.693e-07
2.571e-07
2.571e-07
2.652e-07
2.67e-07
3.094e-07
2.593e-07
2.662e-07
2.668e-07
2.571e-07
2.57e-07
2.571e-07
2.571e-07
2.571e-07
2.571e-07
2.573e-07
2.57e-07
2.571e-07
2.571e-07
2.571e-07
2.571e-07
2.571e-07
2.572e-07
2.571e-07
2.572e-07
2.571e-07
2.571e-07
2.569e-07
2.93e-07
2.571e-07
2.573e-07
2.572e-07
2.617e-07
2.613e-07
2.656e-07
2.571e-07
2.57e-07
2.595e-07
3.218e-07
2.571e-07
2.572e-07
2.571e-07
2.571e-07
2.57e-07
2.571e-07
2.571e-07
2.572e-07
2.689e-07
3.052e-07
2.639e-07
2.689e-07
2.628e-07
2.57e-07
2.644e-07
2.571e-07
2.571e-07
2.571e-07
2.571e-07
2.572e-07
2.575e-07
2.86e-07
2.572e-07
2.775e-07
2.571e-07
2.651e-07
2.571e-07
2.571e-07
2.571e-07
2.572e-07
2.571e-07
2.57e-07
2.572e-07
2.573e-07
2.57e-07
2.57e-07
2.571e-07
2.572e-07
2.571e-07
2.571e-07
2.569e-07
2.571e-07
2.603e-07
2.571e-07
2.572e-07
9.245e-07
2.572e-07
2.574e-07
2.572e-07
2.572e-07
2.78e-07
2.571e-07
2.571e-07
2.571e-07
2.57e-07
2.571e-07
2.571e-07
2.572e-07
2.571e-07
2.571e-07
2.57e-07
2.571e-07
2.57e-07
2.618e-07
2.592e-07
2.638e-07
2.573e-07
2.571e-07
2.571e-07
2.572e-07
2.571e-07
2.571e-07
2.571e-07
2.571e-07
2.572e-07
2.571e-07
2.572e-07
2.571e-07
2.57e-07
2.571e-07
2.572e-07
2.57e-07
2.571e-07
2.573e-07
2.571e-07
2.571e-07
2.571e-07
2.571e-07
2.571e-07
2.573e-07
2.571e-07
2.572e-07
2.571e-07
2.571e-07
2.57e-07
2.571e-07
2.571e-07
2.569e-07
1.0592e-06
2.571e-07
2.57e-07
2.571e-07
2.571e-07
2.572e-07
2.57e-07
2.571e-07
2.572e-07
2.572e-07
2.571e-07
2.571e-07
2.57e-07
2.571e-07
2.571e-07
2.572e-07
2.571e-07
2.571e-07
2.57e-07
2.571e-07
2.571e-07
2.571e-07
2.572e-07
2.571e-07
2.572e-07
2.572e-07
2.571e-07
2.641e-07
2.764e-07
2.573e-07
2.572e-07
2.57e-07
2.837e-07
2.571e-07
2.571e-07
2.571e-07
2.571e-07
2.571e-07
2.572e-07
2.571e-07
2.571e-07
2.571e-07
2.571e-07
2.571e-07
2.572e-07
2.57e-07
2.57e-07
2.572e-07
2.571e-07
2.571e-07
2.572e-07
2.569e-07
2.571e-07
2.57e-07
2.667e-07
2.573e-07
2.572e-07
2.571e-07
2.571e-07
2.687e-07
2.683e-07
2.571e-07
2.651e-07
2.57e-07
2.571e-07
2.569e-07
2.573e-07
2.571e-07
2.572e-07
2.571e-07
2.596e-07
2.571e-07
2.572e-07
2.571e-07
2.571e-07
2.697e-07
2.572e-07
2.573e-07
2.571e-07
2.572e-07
2.574e-07
2.572e-07
2.572e-07
2.571e-07
2.573e-07
2.572e-07
2.674e-07
2.593e-07
2.671e-07
2.633e-07
2.572e-07
2.593e-07
2.659e-07
2.57e-07
2.571e-07
2.573e-07
2.571e-07
2.575e-07
2.574e-07
2.571e-07
2.571e-07
2.64e-07
2.719e-07
2.573e-07
2.638e-07
2.698e-07
2.626e-07
2.627e-07
2.593e-07
2.651e-07
2.657e-07
2.655e-07
2.631e-07
2.571e-07
2.571e-07
2.572e-07
2.572e-07
2.592e-07
2.571e-07
2.572e-07
2.57e-07
2.57e-07
2.571e-07
2.572e-07
2.592e-07
2.592e-07
2.571e-07
2.572e-07
2.571e-07
2.572e-07
2.571e-07
2.646e-07
2.652e-07
2.67e-07
2.617e-07
1.646e-06
2.597e-07
2.686e-07
2.57e-07
2.571e-07
2.571e-07
2.572e-07
2.57e-07
2.572e-07
2.571e-07
2.571e-07
2.67e-07
2.576e-07
2.57e-07
2.572e-07
2.57e-07
2.572e-07
2.572e-07
2.571e-07
2.572e-07
2.569e-07
2.57e-07
2.66e-07
2.593e-07
2.907e-07
2.615e-07
2.656e-07
2.571e-07
2.642e-07
2.572e-07
2.571e-07
2.571e-07
2.572e-07
2.577e-07
2.638e-07
2.571e-07
2.571e-07
2.593e-07
2.57e-07
2.571e-07
2.571e-07
2.649e-07
2.595e-07
2.652e-07
2.92e-07
2.572e-07
2.571e-07
2.57e-07
2.57e-07
2.571e-07
2.571e-07
2.571e-07
2.57e-07
2.573e-07
2.572e-07
2.595e-07
2.571e-07
2.571e-07
2.571e-07
2.57e-07
2.608e-07
2.572e-07
2.571e-07
2.572e-07
2.571e-07
2.571e-07
2.572e-07
2.571e-07
2.57e-07
2.571e-07
2.571e-07
2.571e-07
2.571e-07
2.57e-07
2.571e-07
2.571e-07
2.571e-07
2.572e-07
2.571e-07
2.571e-07
2.571e-07
2.571e-07
2.57e-07
2.571e-07
2.572e-07
2.572e-07
2.571e-07
2.615e-07
2.57e-07
2.569e-07
2.646e-07
2.686e-07
2.643e-07
2.611e-07
2.779e-07
2.616e-07
2.571e-07
2.621e-07
2.639e-07
3.232e-07
2.645e-07
2.616e-07
2.592e-07
2.638e-07
2.571e-07
2.571e-07
2.642e-07
2.991e-07
2.571e-07
2.615e-07
2.648e-07
2.571e-07
2.571e-07
2.572e-07
2.571e-07
2.571e-07
2.754e-07
2.593e-07
2.595e-07
2.612e-07
2.571e-07
2.571e-07
2.571e-07
2.572e-07
1.0012e-06
2.572e-07
2.572e-07
2.571e-07
2.571e-07
2.668e-07
2.613e-07
2.64e-07
2.641e-07
2.571e-07
2.57e-07
2.572e-07
2.571e-07
2.572e-07
2.572e-07
2.572e-07
2.571e-07
2.576e-07
2.572e-07
2.571e-07
2.573e-07
2.572e-07
2.569e-07
2.702e-07
2.572e-07
2.637e-07
2.575e-07
2.572e-07
2.571e-07
2.572e-07
2.571e-07
2.572e-07
2.572e-07
2.57e-07
2.678e-07
2.594e-07
2.571e-07
2.985e-07
2.571e-07
2.569e-07
2.572e-07
2.57e-07
2.608e-07
2.571e-07
2.571e-07
2.682e-07
2.57e-07
2.644e-07
2.645e-07
2.641e-07
2.661e-07
2.683e-07
2.57e-07
2.629e-07
2.571e-07
2.57e-07
2.572e-07
2.571e-07
2.702e-07
2.808e-07
2.571e-07
2.572e-07
2.571e-07
2.594e-07
2.57e-07
2.571e-07
2.571e-07
2.572e-07
2.571e-07
2.684e-07
2.57e-07
2.57e-07
2.571e-07
2.572e-07
2.571e-07
2.571e-07
2.57e-07
2.571e-07
2.572e-07
2.572e-07
7.293e-07
2.649e-07
2.653e-07
2.614e-07
2.572e-07
2.571e-07
2.875e-07
2.571e-07
2.57e-07
2.571e-07
2.571e-07
2.572e-07
2.571e-07
2.573e-07
2.571e-07
3.057e-07
2.572e-07
2.571e-07
2.571e-07
2.571e-07
2.572e-07
2.57e-07
2.572e-07
2.571e-07
2.594e-07
2.637e-07
2.96e-07
2.571e-07
2.57e-07
2.571e-07
2.571e-07
2.571e-07
2.57e-07
2.571e-07
2.572e-07
2.57e-07
2.572e-07
2.57e-07
2.57e-07
2.572e-07
2.572e-07
2.569e-07
2.571e-07
2.572e-07
2.572e-07
2.571e-07
2.571e-07
2.571e-07
2.571e-07
2.571e-07
2.57e-07
2.571e-07
2.656e-07
2.693e-07
2.57e-07
3.02e-07
2.57e-07
2.571e-07
2.572e-07
2.57e-07
2.572e-07
2.626e-07
2.57e-07
2.57e-07
2.574e-07
2.571e-07
2.571e-07
2.571e-07
2.571e-07
2.573e-07
2.571e-07
2.571e-07
2.571e-07
2.571e-07
2.571e-07
2.571e-07
2.571e-07
2.571e-07
2.572e-07
2.572e-07
2.57e-07
2.571e-07
1.6832e-06
2.592e-07
2.658e-07
2.577e-07
2.67e-07
2.643e-07
2.636e-07
2.571e-07
2.571e-07
2.571e-07
2.643e-07
2.572e-07
2.57e-07
2.615e-07
2.575e-07
2.571e-07
2.571e-07
2.571e-07
2.571e-07
2.571e-07
2.619e-07
2.571e-07
2.593e-07
2.791e-07
2.646e-07
2.57e-07
2.575e-07
2.57e-07
2.571e-07
2.571e-07
2.66e-07
2.571e-07
2.573e-07
2.81e-07
2.592e-07
2.594e-07
2.593e-07
2.572e-07
2.573e-07
2.572e-07
2.617e-07
2.575e-07
2.656e-07
2.571e-07
2.572e-07
2.592e-07
2.594e-07
2.571e-07
3.148e-07
2.575e-07
2.571e-07
2.571e-07
2.571e-07
2.572e-07
2.57e-07
2.57e-07
2.572e-07
4.058e-07
2.571e-07
2.606e-07
2.571e-07
2.569e-07
2.571e-07
2.573e-07
2.653e-07
2.596e-07
2.592e-07
2.569e-07
3.149e-07
2.751e-07
2.645e-07
2.66e-07
2.613e-07
2.57e-07
2.64e-07
2.571e-07
2.574e-07
2.57e-07
2.571e-07
2.571e-07
2.571e-07
2.571e-07
2.592e-07
2.639e-07
2.651e-07
2.639e-07
2.826e-07
2.613e-07
2.736e-07
2.641e-07
2.652e-07
2.569e-07
2.571e-07
2.571e-07
2.638e-07
2.643e-07
2.592e-07
2.591e-07
2.617e-07
3.174e-07
2.641e-07
2.595e-07
2.572e-07
2.572e-07
2.571e-07
2.571e-07
2.572e-07
2.572e-07
2.571e-07
2.669e-07
2.596e-07
2.569e-07
2.675e-07
2.569e-07
2.571e-07
2.572e-07
2.573e-07
2.572e-07
2.573e-07
2.571e-07
2.704e-07
2.571e-07
2.617e-07
2.595e-07
2.638e-07
2.572e-07
2.571e-07
2.615e-07
2.57e-07
2.572e-07
2.572e-07
2.57e-07
2.573e-07
2.643e-07
2.596e-07
2.572e-07
2.574e-07
2.573e-07
2.595e-07
2.57e-07
2.692e-07
2.688e-07
2.571e-07
2.571e-07
2.571e-07
2.572e-07
2.572e-07
2.572e-07
2.571e-07
2.571e-07
2.571e-07
2.671e-07
2.683e-07
2.571e-07
2.571e-07
2.571e-07
2.571e-07
2.571e-07
2.572e-07
2.575e-07
2.571e-07
2.572e-07
2.572e-07
2.594e-07
2.571e-07
2.638e-07
2.572e-07
2.572e-07
2.571e-07
2.572e-07
2.572e-07
2.613e-07
2.641e-07
2.666e-07
2.57e-07
2.571e-07
2.571e-07
2.571e-07
2.572e-07
1.1082e-06
2.571e-07
2.57e-07
2.572e-07
2.571e-07
2.57e-07
2.571e-07
2.571e-07
2.57e-07
2.57e-07
2.571e-07
2.684e-07
2.8e-07
2.641e-07
2.639e-07
2.571e-07
2.57e-07
2.571e-07
2.572e-07
2.573e-07
6.682e-07
2.95e-07
1.7638e-06
2.571e-07
2.57e-07
2.571e-07
2.571e-07
2.572e-07
2.572e-07
2.614e-07
2.705e-07
2.663e-07
2.626e-07
2.571e-07
2.572e-07
4.189e-07
2.571e-07
2.57e-07
2.57e-07
2.571e-07
2.572e-07
2.57e-07
2.57e-07
2.631e-07
2.646e-07
2.643e-07
2.595e-07
2.649e-07
2.57e-07
2.569e-07
2.571e-07
2.571e-07
2.572e-07
2.571e-07
2.569e-07
2.571e-07
2.571e-07
2.597e-07
2.639e-07
2.57e-07
2.571e-07
2.571e-07
2.573e-07
2.571e-07
2.573e-07
2.571e-07
2.57e-07
2.57e-07
2.573e-07
2.571e-07
2.572e-07
2.644e-07
2.571e-07
2.574e-07
2.614e-07
3.123e-07
2.572e-07
2.57e-07
2.571e-07
2.571e-07
2.572e-07
2.67e-07
2.645e-07
2.57e-07
4.15e-07
2.572e-07
2.572e-07
2.57e-07
2.571e-07
2.573e-07
2.571e-07
2.641e-07
2.665e-07
2.571e-07
2.591e-07
2.571e-07
2.57e-07
2.571e-07
2.571e-07
2.571e-07
2.571e-07
2.571e-07
2.651e-07
2.571e-07
2.57e-07
2.571e-07
2.571e-07
2.572e-07
2.571e-07
2.572e-07
2.571e-07
2.574e-07
2.571e-07
2.684e-07
2.571e-07
2.572e-07
2.571e-07
2.571e-07
2.652e-07
2.661e-07
2.571e-07
2.571e-07
1.7303e-06
2.571e-07
2.573e-07
2.572e-07
2.571e-07
2.57e-07
2.572e-07
2.685e-07
2.571e-07
2.673e-07
2.571e-07
2.571e-07
2.571e-07
2.573e-07
2.648e-07
2.571e-07
2.641e-07
2.572e-07
2.67e-07
2.646e-07
2.642e-07
2.571e-07
2.686e-07
2.572e-07
2.571e-07
2.571e-07
2.571e-07
2.572e-07
2.571e-07
2.569e-07
2.571e-07
2.571e-07
2.569e-07
2.57e-07
2.571e-07
2.571e-07
2.571e-07
2.572e-07
2.57e-07
2.571e-07
2.65e-07
2.573e-07
2.571e-07
2.572e-07
8.631e-07
2.571e-07
2.571e-07
2.596e-07
3.248e-07
2.571e-07
2.571e-07
2.574e-07
2.572e-07
2.57e-07
2.57e-07
2.57e-07
2.571e-07
2.57e-07
2.571e-07
2.571e-07
2.569e-07
2.571e-07
2.594e-07
2.572e-07
2.57e-07
2.571e-07
2.571e-07
2.571e-07
2.57e-07
2.57e-07
2.57e-07
2.571e-07
2.571e-07
2.572e-07
2.57e-07
2.57e-07
2.57e-07
2.592e-07
2.612e-07
2.571e-07
2.571e-07
2.57e-07
2.645e-07
2.571e-07
2.667e-07
2.569e-07
2.59e-07
2.569e-07
2.572e-07
2.571e-07
2.574e-07
2.664e-07
2.571e-07
2.57e-07
2.657e-07
2.571e-07
2.713e-07
1.8002e-06
1.5553e-06
2.298e-07
2.469e-07
2.571e-07
2.574e-07
2.571e-07
2.572e-07
2.628e-07
2.572e-07
2.571e-07
2.596e-07
2.571e-07
2.572e-07
2.571e-07
2.571e-07
2.571e-07
2.57e-07
2.57e-07
2.57e-07
2.573e-07
2.669e-07
2.59e-07
2.687e-07
2.594e-07
2.569e-07
2.571e-07
2.571e-07
2.571e-07
2.57e-07
2.572e-07
2.571e-07
2.571e-07
2.571e-07
2.571e-07
2.713e-07
2.627e-07
2.571e-07
2.595e-07
2.66e-07
2.571e-07
2.592e-07
2.629e-07
2.571e-07
2.571e-07
2.57e-07
2.571e-07
2.571e-07
2.57e-07
2.612e-07
1.7155e-06
2.574e-07
2.571e-07
2.571e-07
2.572e-07
2.571e-07
2.571e-07
2.572e-07
2.571e-07
2.716e-07
2.571e-07
2.569e-07
2.57e-07
2.701e-07
2.677e-07
2.595e-07
2.628e-07
2.596e-07
2.572e-07
2.571e-07
2.574e-07
2.571e-07
2.571e-07
2.569e-07
2.572e-07
2.571e-07
2.573e-07
2.57e-07
2.57e-07
2.571e-07
2.571e-07
2.571e-07
2.571e-07
2.625e-07
2.571e-07
1.5967e-06
1.3389e-06
2.571e-07
2.572e-07
2.571e-07
2.572e-07
2.57e-07
2.572e-07
2.572e-07
2.572e-07
2.571e-07
2.571e-07
2.571e-07
2.573e-07
2.57e-07
2.572e-07
2.569e-07
2.571e-07
2.57e-07
2.571e-07
2.571e-07
2.572e-07
2.574e-07
2.571e-07
2.571e-07
2.572e-07
2.571e-07
2.571e-07
2.571e-07
2.571e-07
2.572e-07
2.572e-07
6.189e-07
2.57e-07
2.57e-07
2.574e-07
2.571e-07
2.571e-07
2.642e-07
2.57e-07
2.675e-07
7.781e-07
2.574e-07
2.57e-07
3.339e-07
2.71e-07
2.572e-07
2.572e-07
2.654e-07
2.639e-07
3.11e-07
2.677e-07
2.645e-07
2.571e-07
2.57e-07
2.57e-07
2.572e-07
2.572e-07
2.577e-07
2.571e-07
2.665e-07
2.571e-07
2.571e-07
2.57e-07
2.573e-07
2.571e-07
2.655e-07
2.573e-07
2.571e-07
2.651e-07
2.57e-07
2.653e-07
2.656e-07
2.655e-07
2.595e-07
2.571e-07
2.656e-07
2.658e-07
2.591e-07
2.684e-07
2.591e-07
2.57e-07
2.571e-07
2.572e-07
2.569e-07
2.571e-07
2.572e-07
2.572e-07
2.57e-07
2.633e-07
2.574e-07
2.571e-07
2.571e-07
2.572e-07
2.571e-07
2.571e-07
2.571e-07
2.57e-07
2.572e-07
2.571e-07
2.57e-07
2.57e-07
2.571e-07
2.571e-07
2.571e-07
2.57e-07
2.571e-07
2.569e-07
2.571e-07
2.57e-07
2.571e-07
2.574e-07
2.571e-07
2.655e-07
2.642e-07
2.638e-07
2.609e-07
2.571e-07
2.571e-07
2.57e-07
2.594e-07
2.642e-07
2.592e-07
2.613e-07
2.653e-07
2.572e-07
2.571e-07
2.571e-07
2.571e-07
2.571e-07
2.828e-07
2.573e-07
2.57e-07
2.571e-07
2.571e-07
2.572e-07
2.642e-07
2.572e-07
4.598e-07
2.646e-07
2.681e-07
2.57e-07
2.572e-07
2.571e-07
2.571e-07
2.571e-07
2.571e-07
2.571e-07
2.571e-07
2.571e-07
2.571e-07
2.571e-07
2.571e-07
2.571e-07
2.571e-07
2.571e-07
2.642e-07
2.637e-07
2.622e-07
2.665e-07
3.026e-07
2.642e-07
2.637e-07
2.64e-07
2.644e-07
2.637e-07
2.642e-07
2.572e-07
2.571e-07
2.571e-07
2.572e-07
2.571e-07
2.571e-07
2.571e-07
2.572e-07
2.57e-07
2.571e-07
2.571e-07
2.571e-07
2.673e-07
2.571e-07
2.571e-07
2.57e-07
2.673e-07
2.571e-07
2.665e-07
2.596e-07
2.572e-07
2.653e-07
2.692e-07
2.638e-07
2.571e-07
2.596e-07
2.593e-07
1.8059e-06
2.575e-07
2.57e-07
2.572e-07
2.571e-07
2.57e-07
2.571e-07
2.647e-07
2.645e-07
2.571e-07
2.983e-07
2.571e-07
2.645e-07
3.02e-07
2.571e-07
2.651e-07
2.574e-07
2.569e-07
2.593e-07
2.639e-07
2.594e-07
2.571e-07
2.572e-07
2.66e-07
2.594e-07
2.64e-07
2.571e-07
2.571e-07
2.571e-07
2.593e-07
2.57e-07
6.762e-07
2.572e-07
2.571e-07
2.571e-07
2.572e-07
2.569e-07
2.572e-07
2.57e-07
2.571e-07
2.571e-07
2.571e-07
2.571e-07
2.614e-07
2.646e-07
2.649e-07
2.648e-07
2.668e-07
2.643e-07
2.572e-07
2.57e-07
2.627e-07
2.572e-07
2.571e-07
2.78e-07
2.64e-07
2.647e-07
2.572e-07
2.672e-07
2.571e-07
2.573e-07
2.661e-07
2.572e-07
2.639e-07
2.614e-07
2.637e-07
2.672e-07
3.462e-07
2.572e-07
2.57e-07
2.571e-07
2.572e-07
2.572e-07
2.57e-07
2.574e-07
2.601e-07
2.63e-07
2.642e-07
2.648e-07
2.638e-07
2.595e-07
2.638e-07
2.643e-07
2.64e-07
2.657e-07
3.205e-07
2.627e-07
2.626e-07
2.571e-07
2.57e-07
2.574e-07
2.571e-07
2.595e-07
2.641e-07
2.572e-07
2.571e-07
2.572e-07
2.571e-07
2.573e-07
2.571e-07
2.571e-07
2.573e-07
2.571e-07
2.658e-07
2.643e-07
2.681e-07
2.571e-07
2.595e-07
2.571e-07
2.571e-07
2.571e-07
2.571e-07
2.593e-07
2.571e-07
2.914e-07
2.677e-07
2.572e-07
2.571e-07
2.572e-07
2.572e-07
2.571e-07
2.571e-07
2.57e-07
3.608e-07
2.574e-07
2.571e-07
2.594e-07
2.571e-07
2.791e-07
2.571e-07
2.572e-07
2.571e-07
2.571e-07
2.571e-07
2.571e-07
2.571e-07
2.569e-07
2.572e-07
2.571e-07
2.571e-07
2.672e-07
2.571e-07
2.571e-07
2.571e-07
2.57e-07
2.57e-07
2.572e-07
2.571e-07
2.624e-07
2.572e-07
2.57e-07
2.571e-07
2.571e-07
2.57e-07
2.572e-07
2.57e-07
2.572e-07
2.571e-07
2.571e-07
2.571e-07
2.57e-07
2.571e-07
2.571e-07
2.571e-07
2.572e-07
2.57e-07
2.572e-07
2.57e-07
2.651e-07
2.637e-07
2.57e-07
2.57e-07
2.571e-07
2.57e-07
2.571e-07
2.571e-07
2.571e-07
2.572e-07
2.571e-07
2.646e-07
2.572e-07
2.572e-07
2.642e-07
2.572e-07
2.592e-07
2.655e-07
2.653e-07
2.672e-07
2.615e-07
2.745e-07
2.571e-07
2.589e-07
2.571e-07
2.75e-07
2.612e-07
2.571e-07
2.572e-07
2.571e-07
2.572e-07
2.571e-07
2.57e-07
2.572e-07
2.571e-07
2.573e-07
2.571e-07
2.57e-07
2.571e-07
3.249e-07
2.615e-07
2.571e-07
2.759e-07
2.675e-07
2.645e-07
2.639e-07
2.595e-07
2.571e-07
2.572e-07
2.57e-07
2.571e-07
2.57e-07
2.571e-07
2.572e-07
2.656e-07
4.763e-07
2.571e-07
2.571e-07
2.571e-07
2.572e-07
2.585e-07
2.64e-07
2.57e-07
2.571e-07
5.871e-07
2.57e-07
2.571e-07
2.571e-07
2.571e-07
2.571e-07
2.57e-07
2.576e-07
2.572e-07
2.571e-07
2.571e-07
2.571e-07
2.571e-07
2.57e-07
2.592e-07
2.571e-07
2.573e-07
2.909e-07
2.57e-07
2.642e-07
2.738e-07
2.636e-07
2.569e-07
2.571e-07
2.572e-07
2.571e-07
2.571e-07
2.572e-07
2.57e-07
2.62e-07
2.571e-07
2.595e-07
2.662e-07
2.57e-07
2.571e-07
2.577e-07
2.571e-07
2.784e-07
2.57e-07
2.571e-07
2.57e-07
2.57e-07
2.573e-07
2.575e-07
2.571e-07
2.572e-07
2.572e-07
2.57e-07
2.604e-07
2.63e-07
2.571e-07
2.572e-07
2.571e-07
2.572e-07
2.571e-07
2.571e-07
2.574e-07
2.571e-07
2.571e-07
2.571e-07
2.57e-07
2.572e-07
4.953e-07
2.571e-07
2.574e-07
2.57e-07
2.572e-07
2.675e-07
2.593e-07
2.571e-07
2.571e-07
2.571e-07
2.571e-07
3.08e-07
2.571e-07
2.571e-07
2.571e-07
2.778e-07
2.571e-07
2.596e-07
2.998e-07
2.571e-07
2.572e-07
2.697e-07
3.144e-07
2.651e-07
2.571e-07
2.639e-07
2.64e-07
2.571e-07
2.569e-07
2.571e-07
2.571e-07
2.571e-07
2.572e-07
2.571e-07
2.82e-07
2.572e-07
2.649e-07
2.571e-07
1.7164e-06
2.651e-07
2.57e-07
2.572e-07
2.574e-07
2.57e-07
2.573e-07
2.571e-07
2.571e-07
2.571e-07
2.572e-07
2.571e-07
2.571e-07
2.571e-07
2.616e-07
2.569e-07
2.571e-07
2.572e-07
2.617e-07
2.666e-07
2.571e-07
2.57e-07
2.571e-07
2.571e-07
2.57e-07
2.572e-07
2.572e-07
2.572e-07
2.569e-07
2.571e-07
2.571e-07
2.571e-07
2.571e-07
2.574e-07
2.572e-07
2.571e-07
2.571e-07
2.571e-07
2.592e-07
2.668e-07
2.572e-07
2.572e-07
3.59e-07
2.662e-07
2.594e-07
2.656e-07
2.689e-07
2.65e-07
2.572e-07
2.571e-07
2.571e-07
2.571e-07
2.57e-07
6.153e-07
2.571e-07
2.571e-07
2.686e-07
2.646e-07
2.661e-07
2.652e-07
2.676e-07
2.636e-07
2.572e-07
2.572e-07
2.571e-07
2.592e-07
2.57e-07
2.571e-07
2.57e-07
2.572e-07
2.571e-07
2.571e-07
2.571e-07
2.57e-07
2.571e-07
2.575e-07
2.571e-07
2.572e-07
2.571e-07
2.571e-07
2.571e-07
2.571e-07
2.594e-07
2.659e-07
2.571e-07
2.571e-07
2.571e-07
2.643e-07
2.651e-07
2.57e-07
2.633e-07
6.052e-07
2.571e-07
2.572e-07
2.571e-07
2.667e-07
2.64e-07
2.592e-07
2.668e-07
2.611e-07
2.676e-07
2.57e-07
2.57e-07
2.57e-07
2.571e-07
2.571e-07
2.574e-07
2.571e-07
2.572e-07
2.571e-07
2.571e-07
2.572e-07
2.64e-07
2.571e-07
2.572e-07
2.571e-07
2.573e-07
2.571e-07
1.1954e-06
2.571e-07
2.569e-07
2.571e-07
2.569e-07
2.571e-07
1.7038e-06
2.571e-07
2.571e-07
2.572e-07
2.572e-07
2.571e-07
2.742e-07
2.657e-07
2.571e-07
2.571e-07
2.574e-07
2.571e-07
2.599e-07
2.64e-07
2.659e-07
2.615e-07
2.572e-07
2.571e-07
2.615e-07
2.571e-07
2.571e-07
2.572e-07
2.571e-07
2.571e-07
2.64e-07
2.592e-07
2.691e-07
2.653e-07
2.595e-07
2.68e-07
2.57e-07
2.571e-07
2.571e-07
2.572e-07
2.572e-07
2.572e-07
2.647e-07
2.644e-07
2.593e-07
2.637e-07
2.571e-07
2.571e-07
2.571e-07
2.571e-07
2.571e-07
2.571e-07
2.571e-07
2.571e-07
2.571e-07
2.592e-07
2.594e-07
2.571e-07
2.571e-07
1.3626e-06
2.571e-07
2.571e-07
2.57e-07
2.571e-07
2.593e-07
2.569e-07
2.665e-07
2.572e-07
2.637e-07
2.571e-07
2.571e-07
2.572e-07
2.573e-07
2.571e-07
2.822e-07
2.595e-07
2.645e-07
2.571e-07
2.572e-07
2.656e-07
2.788e-07
2.592e-07
2.571e-07
2.571e-07
2.569e-07
2.571e-07
2.645e-07
2.597e-07
2.596e-07
2.642e-07
2.649e-07
2.571e-07
2.572e-07
2.647e-07
2.573e-07
2.571e-07
2.57e-07
2.642e-07
2.612e-07
2.571e-07
2.571e-07
2.571e-07
2.572e-07
2.571e-07
2.571e-07
2.57e-07
2.572e-07
2.572e-07
2.571e-07
2.569e-07
2.571e-07
2.663e-07
2.57e-07
2.571e-07
2.571e-07
2.571e-07
2.572e-07
2.572e-07
2.571e-07
2.572e-07
2.572e-07
2.571e-07
2.573e-07
2.571e-07
2.653e-07
2.614e-07
2.572e-07
2.572e-07
2.571e-07
2.571e-07
2.57e-07
2.574e-07
2.569e-07
2.571e-07
2.571e-07
2.57e-07
2.572e-07
2.571e-07
2.571e-07
2.571e-07
2.572e-07
8.209e-07
2.571e-07
2.572e-07
2.571e-07
2.571e-07
2.571e-07
2.571e-07
2.625e-07
2.656e-07
2.571e-07
2.573e-07
2.571e-07
2.572e-07
2.572e-07
2.572e-07
2.571e-07
2.571e-07
2.571e-07
2.571e-07
2.572e-07
1.7356e-06
2.599e-07
2.571e-07
2.571e-07
2.575e-07
2.647e-07
2.571e-07
2.571e-07
2.57e-07
2.572e-07
2.572e-07
3.175e-07
2.643e-07
2.571e-07
2.611e-07
2.571e-07
2.572e-07
2.571e-07
2.571e-07
2.574e-07
2.57e-07
2.641e-07
2.571e-07
2.571e-07
2.571e-07
2.641e-07
2.571e-07
2.57e-07
2.571e-07
2.571e-07
2.572e-07
2.571e-07
2.571e-07
2.637e-07
2.571e-07
2.571e-07
2.571e-07
2.571e-07
2.574e-07
2.572e-07
2.654e-07
2.683e-07
2.571e-07
2.57e-07
2.674e-07
2.571e-07
2.571e-07
2.57e-07
2.571e-07
2.571e-07
2.572e-07
2.571e-07
2.571e-07
2.572e-07
2.69e-07
2.571e-07
2.571e-07
2.572e-07
2.572e-07
2.571e-07
2.571e-07
2.573e-07
2.572e-07
2.571e-07
2.573e-07
2.571e-07
2.574e-07
2.644e-07
2.573e-07
2.644e-07
2.571e-07
2.665e-07
2.643e-07
2.571e-07
2.792e-07
2.571e-07
2.571e-07
2.572e-07
2.572e-07
2.571e-07
2.571e-07
2.572e-07
2.569e-07
2.713e-07
2.646e-07
2.683e-07
2.57e-07
2.57e-07
2.571e-07
2.589e-07
2.571e-07
2.57e-07
2.571e-07
5.154e-07
2.572e-07
1.2597e-06
2.57e-07
2.571e-07
2.571e-07
2.571e-07
2.611e-07
2.571e-07
2.571e-07
2.571e-07
2.57e-07
2.57e-07
2.571e-07
2.571e-07
2.57e-07
3.068e-07
2.641e-07
2.638e-07
2.611e-07
2.596e-07
2.648e-07
2.685e-07
2.571e-07
2.572e-07
2.57e-07
2.571e-07
2.57e-07
2.571e-07
2.647e-07
2.571e-07
2.572e-07
2.691e-07
2.639e-07
2.617e-07
2.597e-07
2.571e-07
2.571e-07
2.572e-07
2.57e-07
2.572e-07
2.57e-07
2.571e-07
2.571e-07
2.572e-07
2.571e-07
2.57e-07
2.571e-07
2.947e-07
2.573e-07
2.571e-07
2.572e-07
2.571e-07
2.572e-07
2.571e-07
2.571e-07
2.572e-07
2.57e-07
2.641e-07
2.645e-07
2.636e-07
2.57e-07
2.57e-07
2.571e-07
2.57e-07
2.571e-07
2.571e-07
2.668e-07
2.593e-07
2.571e-07
2.64e-07
2.57e-07
2.572e-07
2.571e-07
2.571e-07
2.656e-07
2.571e-07
2.571e-07
2.57e-07
2.571e-07
2.57e-07
2.573e-07
2.572e-07
2.572e-07
2.572e-07
2.572e-07
2.571e-07
2.571e-07
2.572e-07
1.7619e-06
2.605e-07
2.764e-07
2.57e-07
2.686e-07
2.643e-07
3.816e-07
2.571e-07
2.57e-07
2.575e-07
2.571e-07
2.571e-07
2.571e-07
2.572e-07
2.572e-07
2.665e-07
2.64e-07
2.793e-07
2.572e-07
2.573e-07
2.57e-07
2.571e-07
2.571e-07
2.572e-07
2.641e-07
2.638e-07
2.571e-07
2.571e-07
2.571e-07
2.572e-07
2.57e-07
2.571e-07
2.571e-07
2.571e-07
2.57e-07
2.666e-07
2.641e-07
2.595e-07
2.637e-07
2.575e-07
2.57e-07
2.571e-07
2.57e-07
2.572e-07
2.571e-07
2.57e-07
2.569e-07
2.57e-07
2.57e-07
2.571e-07
2.574e-07
2.571e-07
2.571e-07
2.571e-07
2.571e-07
2.571e-07
2.57e-07
2.57e-07
2.641e-07
2.572e-07
2.699e-07
2.571e-07
2.642e-07
2.8e-07
2.572e-07
2.572e-07
2.571e-07
2.642e-07
2.655e-07
2.636e-07
2.573e-07
2.57e-07
2.571e-07
2.923e-07
2.57e-07
2.572e-07
2.577e-07
2.571e-07
2.571e-07
2.569e-07
2.571e-07
2.571e-07
2.572e-07
2.571e-07
2.571e-07
2.571e-07
2.571e-07
2.571e-07
2.571e-07
2.887e-07
2.571e-07
2.571e-07
2.573e-07
2.571e-07
2.573e-07
2.571e-07
2.572e-07
2.572e-07
2.664e-07
2.603e-07
2.57e-07
2.572e-07
2.607e-07
2.573e-07
2.571e-07
2.571e-07
2.571e-07
2.572e-07
2.572e-07
2.571e-07
2.571e-07
2.571e-07
2.571e-07
2.571e-07
2.574e-07
2.657e-07
2.571e-07
2.595e-07
2.57e-07
2.571e-07
2.571e-07
2.572e-07
2.571e-07
2.781e-07
2.571e-07
2.572e-07
2.57e-07
2.57e-07
2.641e-07
2.641e-07
2.68e-07
2.767e-07
2.634e-07
2.571e-07
2.571e-07
2.571e-07
2.688e-07
2.572e-07
2.644e-07
2.571e-07
2.657e-07
2.615e-07
1.7659e-06
2.571e-07
2.634e-07
2.572e-07
2.571e-07
2.571e-07
7.409e-07
2.57e-07
2.571e-07
2.571e-07
2.57e-07
2.571e-07
2.571e-07
2.614e-07
2.643e-07
2.654e-07
2.613e-07
2.61e-07
2.571e-07
2.571e-07
2.571e-07
2.572e-07
2.57e-07
2.571e-07
2.57e-07
2.572e-07
2.569e-07
2.569e-07
2.571e-07
2.571e-07
2.572e-07
2.594e-07
2.613e-07
2.596e-07
2.647e-07
2.65e-07
2.788e-07
2.636e-07
2.571e-07
2.575e-07
2.57e-07
2.714e-07
2.613e-07
2.569e-07
7.638e-07
2.572e-07
2.57e-07
2.57e-07
2.571e-07
2.571e-07
2.57e-07
2.571e-07
2.572e-07
2.571e-07
2.571e-07
2.57e-07
2.571e-07
2.572e-07
2.571e-07
2.576e-07
2.572e-07
2.57e-07
2.572e-07
2.571e-07
2.682e-07
2.572e-07
2.611e-07
2.572e-07
2.57e-07
2.571e-07
2.575e-07
2.572e-07
2.571e-07
2.57e-07
2.57e-07
2.571e-07
2.573e-07
2.572e-07
2.57e-07
2.571e-07
2.571e-07
2.571e-07
2.571e-07
2.569e-07
2.574e-07
2.57e-07
2.57e-07
2.571e-07
2.86e-07
2.571e-07
2.651e-07
2.571e-07
2.572e-07
2.571e-07
2.571e-07
2.594e-07
2.572e-07
2.614e-07
2.57e-07
2.57e-07
2.569e-07
2.573e-07
2.571e-07
2.572e-07
2.643e-07
2.593e-07
2.593e-07
2.57e-07
2.571e-07
2.571e-07
2.641e-07
2.639e-07
2.594e-07
2.57e-07
2.574e-07
2.572e-07
2.576e-07
2.573e-07
2.571e-07
2.571e-07
2.571e-07
2.573e-07
2.678e-07
2.64e-07
2.614e-07
2.612e-07
2.899e-07
2.639e-07
2.594e-07
2.571e-07
2.571e-07
2.571e-07
2.571e-07
2.57e-07
2.571e-07
2.571e-07
2.57e-07
2.571e-07
2.572e-07
2.571e-07
2.572e-07
2.571e-07
2.624e-07
2.569e-07
2.572e-07
2.571e-07
3.237e-07
2.628e-07
2.63e-07
2.571e-07
2.571e-07
2.629e-07
2.69e-07
2.659e-07
2.597e-07
2.658e-07
2.572e-07
2.572e-07
2.57e-07
2.571e-07
2.642e-07
2.571e-07
2.571e-07
2.572e-07
2.571e-07
2.57e-07
2.574e-07
2.57e-07
2.57e-07
2.571e-07
2.573e-07
2.644e-07
2.65e-07
2.596e-07
2.617e-07
2.637e-07
2.571e-07
2.593e-07
2.57e-07
2.572e-07
2.571e-07
2.571e-07
2.573e-07
2.57e-07
2.569e-07
2.571e-07
2.617e-07
2.571e-07
2.569e-07
2.571e-07
2.576e-07
2.571e-07
2.571e-07
2.571e-07
2.576e-07
2.571e-07
2.571e-07
2.573e-07
2.571e-07
2.643e-07
2.572e-07
2.592e-07
2.613e-07
2.741e-07
2.57e-07
2.571e-07
2.569e-07
2.571e-07
2.571e-07
2.57e-07
2.571e-07
2.615e-07
2.635e-07
2.647e-07
2.677e-07
2.572e-07
2.571e-07
2.571e-07
2.57e-07
2.573e-07
2.572e-07
2.571e-07
2.572e-07
2.571e-07
2.571e-07
2.57e-07
2.574e-07
2.571e-07
2.572e-07
2.571e-07
2.57e-07
2.628e-07
2.636e-07
2.571e-07
2.571e-07
2.571e-07
2.572e-07
2.574e-07
2.571e-07
2.572e-07
2.571e-07
2.571e-07
2.571e-07
2.571e-07
2.571e-07
2.571e-07
2.593e-07
2.651e-07
2.593e-07
2.666e-07
2.572e-07
2.669e-07
2.653e-07
2.571e-07
2.571e-07
2.571e-07
2.571e-07
2.792e-07
2.638e-07
6.276e-07
2.571e-07
2.572e-07
2.571e-07
2.596e-07
2.571e-07
2.571e-07
2.652e-07
2.643e-07
2.782e-07
2.595e-07
2.571e-07
2.571e-07
2.617e-07
2.648e-07
2.572e-07
2.572e-07
2.57e-07
2.643e-07
2.571e-07
2.571e-07
2.572e-07
2.569e-07
2.571e-07
2.571e-07
1.7606e-06
2.572e-07
2.571e-07
2.572e-07
2.653e-07
2.617e-07
2.573e-07
2.645e-07
2.653e-07
2.64e-07
2.573e-07
2.574e-07
2.57e-07
2.572e-07
2.571e-07
2.594e-07
2.571e-07
2.571e-07
2.571e-07
2.574e-07
2.576e-07
2.571e-07
2.571e-07
2.571e-07
2.569e-07
2.571e-07
2.571e-07
2.646e-07
1.2035e-06
2.571e-07
2.571e-07
2.625e-07
2.571e-07
2.571e-07
2.571e-07
2.572e-07
2.571e-07
2.571e-07
2.571e-07
2.571e-07
2.571e-07
2.569e-07
2.594e-07
2.57e-07
2.571e-07
2.571e-07
2.574e-07
2.571e-07
2.571e-07
2.571e-07
2.571e-07
2.57e-07
2.572e-07
2.571e-07
2.572e-07
2.571e-07
2.572e-07
2.57e-07
2.57e-07
2.681e-07
2.69e-07
2.571e-07
2.643e-07
2.571e-07
2.57e-07
2.571e-07
2.569e-07
2.605e-07
2.571e-07
2.571e-07
2.57e-07
2.672e-07
2.612e-07
2.592e-07
2.593e-07
2.571e-07
2.571e-07
2.572e-07
2.571e-07
2.571e-07
2.57e-07
2.574e-07
2.57e-07
2.571e-07
2.57e-07
2.572e-07
2.571e-07
2.571e-07
2.572e-07
2.57e-07
2.57e-07
1.73e-06
2.572e-07
2.597e-07
2.593e-07
2.744e-07
2.571e-07
2.571e-07
2.569e-07
2.572e-07
2.571e-07
2.571e-07
2.571e-07
2.571e-07
2.571e-07
2.572e-07
2.662e-07
2.653e-07
2.571e-07
2.67e-07
2.658e-07
2.572e-07
2.667e-07
2.57e-07
2.571e-07
2.57e-07
2.57e-07
2.571e-07
2.572e-07
2.594e-07
2.57e-07
2.571e-07
2.642e-07
2.598e-07
2.571e-07
2.571e-07
2.572e-07
2.572e-07
2.573e-07
2.571e-07
2.571e-07
2.571e-07
2.571e-07
2.573e-07
2.573e-07
2.57e-07
2.571e-07
2.573e-07
2.572e-07
2.571e-07
2.611e-07
2.633e-07
2.572e-07
2.648e-07
2.571e-07
2.571e-07
2.57e-07
2.571e-07
2.593e-07
2.571e-07
2.572e-07
2.571e-07
2.572e-07
2.571e-07
2.571e-07
2.57e-07
2.572e-07
2.572e-07
2.571e-07
2.571e-07
2.571e-07
2.574e-07
2.57e-07
2.571e-07
2.682e-07
2.644e-07
2.637e-07
2.657e-07
2.571e-07
2.571e-07
2.571e-07
2.573e-07
2.571e-07
2.57e-07
2.576e-07
2.572e-07
2.572e-07
2.57e-07
2.573e-07
2.57e-07
2.603e-07
1.7294e-06
2.57e-07
2.57e-07
2.571e-07
2.571e-07
2.571e-07
2.571e-07
2.688e-07
2.572e-07
2.616e-07
2.596e-07
2.571e-07
2.57e-07
2.615e-07
2.572e-07
2.653e-07
2.571e-07
2.571e-07
2.618e-07
2.574e-07
2.595e-07
2.572e-07
2.573e-07
2.571e-07
2.57e-07
2.573e-07
2.57e-07
2.571e-07
2.57e-07
2.571e-07
2.571e-07
2.572e-07
2.57e-07
2.684e-07
2.571e-07
2.666e-07
2.672e-07
2.652e-07
2.65e-07
2.636e-07
2.64e-07
2.656e-07
2.571e-07
2.639e-07
2.572e-07
2.573e-07
2.571e-07
2.571e-07
2.572e-07
2.571e-07
2.57e-07
2.661e-07
2.571e-07
2.569e-07
2.575e-07
2.572e-07
2.573e-07
2.648e-07
2.614e-07
2.686e-07
2.592e-07
2.57e-07
2.651e-07
2.595e-07
2.647e-07
2.572e-07
2.572e-07
2.572e-07
2.572e-07
2.75e-07
2.572e-07
2.595e-07
2.57e-07
2.571e-07
2.57e-07
2.571e-07
2.579e-07
2.571e-07
2.57e-07
2.572e-07
2.57e-07
2.57e-07
2.571e-07
2.57e-07
2.571e-07
2.57e-07
2.571e-07
2.571e-07
2.571e-07
2.592e-07
2.573e-07
2.572e-07
2.57e-07
2.572e-07
2.571e-07
2.571e-07
2.57e-07
2.571e-07
2.571e-07
2.61e-07
2.57e-07
2.572e-07
2.571e-07
2.57e-07
2.572e-07
2.571e-07
2.571e-07
2.57e-07
1.6969e-06
2.637e-07
2.572e-07
2.575e-07
2.572e-07
2.571e-07
2.996e-07
2.572e-07
2.572e-07
2.701e-07
2.644e-07
2.637e-07
2.657e-07
2.57e-07
2.573e-07
2.572e-07
2.572e-07
1.2838e-06
2.572e-07
2.57e-07
2.572e-07
2.571e-07
2.57e-07
2.571e-07
2.593e-07
2.614e-07
2.572e-07
2.572e-07
2.571e-07
2.571e-07
2.571e-07
2.571e-07
2.593e-07
2.638e-07
2.638e-07
2.571e-07
2.571e-07
2.571e-07
2.571e-07
2.57e-07
2.575e-07
2.571e-07
2.572e-07
2.57e-07
2.571e-07
2.571e-07
2.57e-07
2.571e-07
2.573e-07
2.573e-07
2.571e-07
2.571e-07
2.57e-07
2.57e-07
2.698e-07
2.593e-07
2.571e-07
2.652e-07
2.593e-07
2.57e-07
2.785e-07
2.571e-07
2.571e-07
2.57e-07
2.571e-07
2.572e-07
2.571e-07
2.57e-07
2.572e-07
2.593e-07
2.571e-07
2.57e-07
4.754e-07
2.571e-07
2.571e-07
2.57e-07
2.638e-07
2.572e-07
2.571e-07
2.571e-07
2.571e-07
3.041e-07
2.57e-07
2.572e-07
2.591e-07
2.592e-07
2.64e-07
2.612e-07
2.593e-07
2.641e-07
2.57e-07
2.571e-07
2.57e-07
2.57e-07
2.785e-07
2.572e-07
2.637e-07
2.638e-07
2.593e-07
7.258e-07
2.571e-07
2.571e-07
2.573e-07
2.571e-07
2.571e-07
2.57e-07
2.571e-07
2.57e-07
2.571e-07
2.571e-07
2.571e-07
2.571e-07
2.572e-07
2.571e-07
2.57e-07
2.571e-07
2.688e-07
2.665e-07
2.638e-07
2.652e-07
2.79e-07
2.571e-07
2.778e-07
2.641e-07
2.571e-07
2.57e-07
2.572e-07
2.573e-07
2.571e-07
2.571e-07
2.572e-07
2.57e-07
2.571e-07
2.737e-07
2.571e-07
2.572e-07
2.571e-07
2.572e-07
2.572e-07
2.571e-07
2.572e-07
2.571e-07
2.572e-07
3.993e-07
2.572e-07
2.571e-07
2.575e-07
2.647e-07
2.57e-07
2.573e-07
2.569e-07
2.572e-07
2.571e-07
2.571e-07
2.571e-07
2.571e-07
2.571e-07
2.571e-07
2.57e-07
2.571e-07
2.571e-07
2.571e-07
2.572e-07
2.572e-07
2.572e-07
2.573e-07
2.571e-07
2.571e-07
2.571e-07
2.572e-07
2.77e-07
2.571e-07
2.571e-07
2.643e-07
3.121e-07
2.637e-07
2.572e-07
2.593e-07
2.64e-07
2.572e-07
2.593e-07
2.597e-07
2.572e-07
2.884e-07
2.592e-07
2.592e-07
2.571e-07
2.64e-07
2.571e-07
2.571e-07
2.571e-07
2.571e-07
2.572e-07
2.646e-07
2.67e-07
2.57e-07
2.57e-07
2.571e-07
2.571e-07
2.592e-07
2.665e-07
2.571e-07
2.57e-07
2.57e-07
2.575e-07
2.57e-07
2.569e-07
2.571e-07
2.572e-07
2.57e-07
2.572e-07
2.571e-07
2.571e-07
2.571e-07
2.667e-07
2.572e-07
2.664e-07
2.594e-07
2.662e-07
2.612e-07
2.571e-07
2.571e-07
2.571e-07
2.571e-07
2.642e-07
2.571e-07
2.571e-07
2.571e-07
2.572e-07
2.573e-07
2.571e-07
2.571e-07
2.57e-07
2.571e-07
2.572e-07
2.574e-07
2.57e-07
2.57e-07
2.569e-07
2.572e-07
2.572e-07
2.57e-07
2.57e-07
2.571e-07
2.573e-07
8.669e-07
2.572e-07
2.571e-07
2.571e-07
2.57e-07
2.574e-07
2.571e-07
2.571e-07
2.664e-07
2.75e-07
2.571e-07
2.571e-07
2.672e-07
2.614e-07
2.593e-07
2.57e-07
2.648e-07
2.57e-07
2.64e-07
2.593e-07
2.793e-07
2.644e-07
2.572e-07
2.572e-07
2.572e-07
2.571e-07
2.572e-07
2.571e-07
2.57e-07
2.571e-07
1.7643e-06
2.591e-07
2.57e-07
2.57e-07
2.57e-07
2.571e-07
2.571e-07
2.571e-07
2.57e-07
2.572e-07
2.657e-07
2.594e-07
2.571e-07
2.572e-07
2.571e-07
2.571e-07
2.575e-07
2.577e-07
2.572e-07
2.571e-07
2.571e-07
2.571e-07
2.573e-07
2.57e-07
2.572e-07
2.571e-07
2.57e-07
2.573e-07
2.682e-07
2.572e-07
2.644e-07
2.611e-07
2.571e-07
2.57e-07
2.57e-07
2.571e-07
2.57e-07
2.57e-07
2.571e-07
2.684e-07
2.645e-07
2.655e-07
2.853e-07
2.647e-07
2.648e-07
2.57e-07
2.57e-07
2.571e-07
2.639e-07
2.571e-07
2.571e-07
2.57e-07
2.571e-07
2.591e-07
2.591e-07
2.594e-07
2.571e-07
2.571e-07
2.57e-07
2.57e-07
2.571e-07
2.571e-07
2.571e-07
2.651e-07
2.571e-07
2.572e-07
2.57e-07
2.638e-07
2.637e-07
2.594e-07
2.569e-07
2.571e-07
2.571e-07
2.572e-07
2.572e-07
2.571e-07
2.573e-07
2.572e-07
2.57e-07
2.57e-07
2.57e-07
2.573e-07
2.57e-07
2.571e-07
2.656e-07
2.602e-07
2.623e-07
2.572e-07
2.821e-07
2.571e-07
2.571e-07
2.573e-07
2.572e-07
2.593e-07
2.57e-07
2.571e-07
2.571e-07
2.641e-07
2.571e-07
2.571e-07
2.57e-07
2.57e-07
2.573e-07
2.572e-07
2.572e-07
2.571e-07
2.641e-07
2.57e-07
2.57e-07
2.572e-07
2.571e-07
2.571e-07
2.569e-07
2.572e-07
2.571e-07
2.574e-07
2.571e-07
2.668e-07
2.637e-07
2.591e-07
2.573e-07
2.897e-07
2.638e-07
2.641e-07
2.593e-07
2.571e-07
2.571e-07
2.57e-07
2.57e-07
2.571e-07
2.572e-07
2.67e-07
2.883e-07
2.658e-07
2.681e-07
2.57e-07
2.57e-07
2.571e-07
2.571e-07
2.572e-07
2.595e-07
2.666e-07
2.572e-07
2.571e-07
2.57e-07
2.571e-07
2.618e-07
2.571e-07
2.571e-07
2.571e-07
2.57e-07
2.571e-07
3.17e-07
2.733e-07
2.611e-07
2.647e-07
2.571e-07
2.571e-07
2.571e-07
2.57e-07
2.57e-07
3.209e-07
2.571e-07
2.655e-07
2.571e-07
2.571e-07
2.572e-07
2.571e-07
2.571e-07
2.571e-07
2.647e-07
2.61e-07
2.757e-07
2.57e-07
2.595e-07
2.571e-07
2.571e-07
2.573e-07
2.595e-07
2.57e-07
2.571e-07
2.571e-07
2.645e-07
2.603e-07
2.57e-07
2.575e-07
2.573e-07
2.57e-07
2.571e-07
2.57e-07
2.57e-07
2.572e-07
2.571e-07
2.571e-07
2.572e-07
2.574e-07
2.572e-07
2.572e-07
2.616e-07
2.57e-07
2.638e-07
2.614e-07
2.572e-07
2.571e-07
2.57e-07
2.572e-07
2.572e-07
2.573e-07
2.572e-07
2.571e-07
2.571e-07
2.571e-07
2.57e-07
2.571e-07
2.571e-07
2.572e-07
2.572e-07
2.571e-07
2.573e-07
2.571e-07
2.571e-07
2.57e-07
2.572e-07
2.572e-07
2.572e-07
2.571e-07
2.571e-07
2.572e-07
2.571e-07
2.858e-07
2.64e-07
2.574e-07
2.64e-07
2.57e-07
2.571e-07
2.571e-07
2.572e-07
2.572e-07
2.571e-07
2.571e-07
2.572e-07
2.572e-07
2.572e-07
2.573e-07
2.571e-07
2.571e-07
2.571e-07
2.647e-07
2.64e-07
2.57e-07
2.571e-07
2.572e-07
2.573e-07
2.57e-07
2.572e-07
1.3076e-06
2.57e-07
2.571e-07
2.573e-07
2.571e-07
2.571e-07
2.571e-07
2.57e-07
2.571e-07
2.619e-07
2.636e-07
2.963e-07
2.571e-07
2.571e-07
2.572e-07
2.571e-07
2.571e-07
2.571e-07
2.571e-07
2.571e-07
2.571e-07
2.572e-07
2.571e-07
2.82e-07
2.57e-07
2.593e-07
2.571e-07
2.602e-07
2.652e-07
2.571e-07
2.572e-07
2.571e-07
2.571e-07
2.57e-07
2.574e-07
2.571e-07
2.594e-07
2.571e-07
2.571e-07
2.571e-07
2.571e-07
2.571e-07
2.572e-07
2.572e-07
2.573e-07
2.571e-07
2.571e-07
2.575e-07
2.571e-07
3.056e-07
2.642e-07
2.613e-07
2.592e-07
2.64e-07
2.641e-07
2.64e-07
2.595e-07
2.571e-07
3.36e-07
2.755e-07
2.572e-07
2.592e-07
2.57e-07
2.571e-07
2.746e-07
2.572e-07
2.653e-07
2.571e-07
2.57e-07
2.571e-07
2.571e-07
2.572e-07
2.571e-07
2.571e-07
2.57e-07
2.572e-07
2.688e-07
2.572e-07
2.572e-07
2.571e-07
2.57e-07
2.569e-07
2.572e-07
2.571e-07
2.572e-07
2.643e-07
2.641e-07
2.798e-07
2.595e-07
2.915e-07
2.64e-07
2.643e-07
2.571e-07
2.593e-07
2.571e-07
2.57e-07
2.571e-07
2.572e-07
2.571e-07
2.571e-07
2.571e-07
2.571e-07
2.57e-07
2.571e-07
2.569e-07
2.637e-07
2.657e-07
2.614e-07
2.571e-07
2.571e-07
2.57e-07
2.571e-07
2.572e-07
2.57e-07
2.653e-07
2.682e-07
1.5327e-06
3.301e-07
2.571e-07
2.571e-07
2.335e-07
2.954e-07
2.572e-07
2.595e-07
2.572e-07
2.649e-07
2.574e-07
2.57e-07
2.569e-07
2.761e-07
2.572e-07
2.664e-07
2.639e-07
2.764e-07
2.633e-07
1.7653e-06
2.629e-07
2.639e-07
2.7e-07
2.643e-07
2.711e-07
3.063e-07
2.643e-07
2.641e-07
2.643e-07
2.584e-07
2.631e-07
2.629e-07
2.651e-07
2.71e-07
2.636e-07
2.685e-07
2.63e-07
2.717e-07
2.654e-07
2.722e-07
2.636e-07
2.642e-07
2.571e-07
2.672e-07
2.631e-07
2.572e-07
6.901e-07
3.799e-07
2.697e-07
2.63e-07
3.008e-07
2.653e-07
1.7654e-06
2.643e-07
3.268e-07
2.655e-07
2.634e-07
2.63e-07
4.363e-07
2.633e-07
2.637e-07
2.632e-07
2.634e-07
2.652e-07
2.631e-07
2.628e-07
2.641e-07
2.631e-07
2.73e-07
2.993e-07
2.627e-07
2.636e-07
2.575e-07
2.633e-07
2.721e-07
2.653e-07
2.627e-07
2.573e-07
3.144e-07
2.639e-07
3.049e-07
2.66e-07
2.628e-07
2.634e-07
2.758e-07
2.642e-07
2.572e-07
2.636e-07
2.717e-07
2.623e-07
2.571e-07
2.636e-07
2.64e-07
2.904e-07
2.709e-07
2.637e-07
2.675e-07
2.636e-07
2.641e-07
2.628e-07
2.57e-07
2.643e-07
2.636e-07
2.678e-07
2.628e-07
2.629e-07
2.631e-07
2.621e-07
2.571e-07
2.632e-07
2.632e-07
2.638e-07
2.643e-07
2.627e-07
2.634e-07
2.629e-07
2.635e-07
2.641e-07
2.634e-07
1.4296e-06
2.571e-07
2.636e-07
2.63e-07
2.63e-07
2.571e-07
2.637e-07
2.637e-07
2.694e-07
2.63e-07
2.664e-07
2.638e-07
2.642e-07
2.653e-07
2.666e-07
2.626e-07
2.57e-07
2.635e-07
2.637e-07
2.825e-07
2.628e-07
2.572e-07
2.639e-07
2.629e-07
2.637e-07
2.632e-07
2.643e-07
2.629e-07
8.8e-07
2.633e-07
2.643e-07
2.638e-07
2.732e-07
2.626e-07
2.647e-07
2.64e-07
2.674e-07
2.571e-07
2.639e-07
2.572e-07
2.677e-07
3.328e-07
2.723e-07
2.634e-07
2.569e-07
2.675e-07
2.571e-07
2.571e-07
2.656e-07
2.678e-07
2.634e-07
2.633e-07
2.571e-07
2.571e-07
3.13e-07
2.637e-07
2.635e-07
2.64e-07
2.669e-07
2.629e-07
2.634e-07
2.627e-07
2.625e-07
2.634e-07
2.694e-07
3.043e-07
3.03e-07
4.09e-07
2.641e-07
3.41e-07
2.635e-07
2.667e-07
3.436e-07
2.632e-07
2.728e-07
2.627e-07
2.675e-07
2.629e-07
2.572e-07
2.638e-07
3.053e-07
2.624e-07
2.637e-07
2.571e-07
2.572e-07
2.675e-07
2.679e-07
2.632e-07
2.641e-07
2.63e-07
2.662e-07
2.63e-07
2.571e-07
2.643e-07
2.675e-07
2.709e-07
2.645e-07
2.641e-07
2.629e-07
2.667e-07
2.592e-07
2.789e-07
2.632e-07
2.569e-07
2.655e-07
2.572e-07
2.637e-07
2.624e-07
2.629e-07
2.608e-07
2.619e-07
2.631e-07
2.624e-07
2.637e-07
2.627e-07
2.63e-07
2.666e-07
2.686e-07
2.629e-07
2.632e-07
2.635e-07
2.632e-07
2.7e-07
2.639e-07
2.632e-07
2.636e-07
2.57e-07
2.641e-07
2.701e-07
2.657e-07
2.973e-07
2.656e-07
2.629e-07
2.571e-07
2.639e-07
2.671e-07
2.638e-07
2.623e-07
2.678e-07
2.638e-07
2.641e-07
2.619e-07
2.64e-07
2.701e-07
2.636e-07
2.637e-07
2.651e-07
2.627e-07
2.572e-07
2.571e-07
2.629e-07
2.571e-07
2.634e-07
2.571e-07
2.632e-07
2.63e-07
2.633e-07
2.631e-07
2.738e-07
2.63e-07
2.636e-07
2.638e-07
2.571e-07
2.63e-07
2.628e-07
2.643e-07
2.63e-07
2.632e-07
2.634e-07
2.649e-07
2.633e-07
2.571e-07
2.572e-07
2.636e-07
2.704e-07
2.694e-07
2.642e-07
2.704e-07
3.338e-07
2.736e-07
2.624e-07
2.628e-07
2.633e-07
2.629e-07
2.638e-07
2.635e-07
2.673e-07
2.658e-07
2.571e-07
2.631e-07
2.573e-07
4.453e-07
2.625e-07
2.638e-07
2.634e-07
2.57e-07
2.72e-07
2.69e-07
2.631e-07
2.639e-07
2.632e-07
2.651e-07
2.63e-07
2.64e-07
4.148e-07
2.631e-07
2.878e-07
2.633e-07
2.734e-07
2.627e-07
2.634e-07
2.627e-07
2.894e-07
2.694e-07
2.641e-07
2.627e-07
2.623e-07
2.699e-07
2.643e-07
2.632e-07
2.641e-07
2.626e-07
2.63e-07
2.631e-07
2.666e-07
2.919e-07
2.633e-07
2.633e-07
2.629e-07
2.571e-07
2.642e-07
2.692e-07
2.627e-07
2.638e-07
2.637e-07
2.706e-07
2.634e-07
2.64e-07
2.632e-07
2.696e-07
2.624e-07
2.635e-07
2.571e-07
2.704e-07
2.665e-07
2.628e-07
2.631e-07
2.628e-07
2.633e-07
3.142e-07
2.571e-07
2.629e-07
2.638e-07
2.576e-07
2.57e-07
2.643e-07
2.635e-07
2.639e-07
2.67e-07
2.695e-07
2.633e-07
2.631e-07
2.631e-07
2.635e-07
2.621e-07
2.63e-07
2.632e-07
2.631e-07
2.633e-07
2.742e-07
2.626e-07
2.625e-07
2.63e-07
2.635e-07
2.627e-07
2.723e-07
2.635e-07
2.572e-07
2.636e-07
2.741e-07
2.69e-07
2.673e-07
2.62e-07
2.635e-07
2.714e-07
2.623e-07
2.63e-07
2.638e-07
2.696e-07
2.629e-07
2.631e-07
2.638e-07
2.675e-07
2.63e-07
2.632e-07
2.635e-07
2.665e-07
6.048e-07
2.677e-07
3.24e-07
2.644e-07
2.638e-07
2.69e-07
2.629e-07
2.571e-07
2.634e-07
2.638e-07
2.668e-07
2.705e-07
2.645e-07
1.3415e-06
2.625e-07
2.627e-07
2.57e-07
2.627e-07
2.633e-07
2.635e-07
2.637e-07
2.625e-07
2.691e-07
2.9e-07
2.631e-07
2.638e-07
2.636e-07
2.634e-07
2.647e-07
2.704e-07
2.632e-07
2.631e-07
2.636e-07
2.626e-07
2.709e-07
2.671e-07
2.633e-07
2.725e-07
2.634e-07
2.635e-07
2.64e-07
2.632e-07
2.573e-07
2.731e-07
2.636e-07
2.623e-07
2.703e-07
2.787e-07
2.629e-07
2.629e-07
2.64e-07
2.664e-07
2.688e-07
2.635e-07
2.638e-07
2.634e-07
2.632e-07
2.7e-07
2.629e-07
2.633e-07
2.641e-07
2.719e-07
2.719e-07
2.638e-07
2.637e-07
2.637e-07
2.639e-07
2.634e-07
2.641e-07
2.65e-07
2.635e-07
2.631e-07
2.638e-07
2.642e-07
2.629e-07
1.0425e-06
2.736e-07
2.663e-07
2.628e-07
2.635e-07
2.64e-07
2.637e-07
2.673e-07
2.573e-07
2.635e-07
2.627e-07
2.627e-07
2.844e-07
2.636e-07
2.637e-07
2.639e-07
2.644e-07
2.72e-07
2.572e-07
2.589e-07
2.633e-07
2.692e-07
2.631e-07
2.572e-07
2.625e-07
2.634e-07
2.638e-07
2.639e-07
2.672e-07
2.695e-07
2.628e-07
2.64e-07
2.645e-07
2.687e-07
2.633e-07
2.629e-07
2.637e-07
2.59e-07
2.629e-07
2.571e-07
2.625e-07
2.708e-07
2.669e-07
2.571e-07
2.63e-07
2.632e-07
2.634e-07
2.572e-07
2.629e-07
2.571e-07
2.632e-07
2.666e-07
2.695e-07
2.698e-07
2.632e-07
2.646e-07
2.632e-07
2.745e-07
2.64e-07
2.636e-07
2.729e-07
2.637e-07
2.634e-07
2.716e-07
2.675e-07
